88001611
88048717
88048745
88053405
88053630
88134956
88134979
88135455
88135475
88135507
88136130
88136138
88137809
88138123
88138449
88138703
88138806
88138810
88139062
88139094
88139720
88141200
88142708
88142721
88142750
88142754
88142780
88142781
88142784
88143001
88143076
88144622
88146530
88148711
88152916
88152999
88153079
88153260
88157271
88157304
88158023
88158625
88158963
88159065
88162240
88163492
88163699
88164082
88164169
88165501
88165536
88165580
88166072
88167664
88167669
88167959
88168530
88168607
88168609
88170368
88170481
88170815
88171919
88172114
88172175
88172610
88172723
88172871
88173030
88173228
88173306
88173426
88173474
88175847
88175943
88176009
88176266
88176376
88176769
88176915
88176919
88176944
88177413
88177573
88178518
88178562
88179696
88179847
88179944
88180175
88180206
88180432
88180714
88180716
88180826
88180930
88181019
88182002
88183277
88183893
88183895
88183898
88183899
88183900
88184087
88184111
88184134
88184144
88184200
88184267
88184881
88184943
88184949
88185221
88186405
88186547
88187324
88187754
88188081
88188086
88188152
88188427
88188791
88188803
88188988
88189060
88189169
88189242
88189362
88189681
88190024
88190483
88190756
88190972
88191043
88191180
88191488
88191687
88192119
88192366
88192505
88192537
88192883
88192985
88193061
88193525
88194135
88194404
88196432
88197445
88199005
88199151
88199304
88199914
88200145
88200529
88200949
88201095
88201143
88201305
88201399
88201400
88201454
88201862
88201942
88201988
88201995
88202642
88203486
88203627
88204485
88204529
88204555
88205340
88205408
88205525
88205976
88207441
88207865
88208330
88208418
88209297
88209499
88209997
88210282
88210342
88210864
88211110
88212462
88212523
88212541
88212616
88212831
88213374
88214968
88214997
88215051
88215079
88215199
88215316
88215792
88216466
88217699
88223517
88005471
88006826
88008473
88009676
88013732
88013743
88013879
88021146
88024248
88030110
88046590
88048940
88050542
88053914
88054013
88054050
88105318
88111661
88134744
88135043
88137782
88138412
88139997
88150724
88152039
88152747
88152908
88157492
88157503
88159240
88163155
88163587
88163631
88164240
88164468
88164469
88164859
88165740
88167397
88167905
88168651
88169051
88169595
88169596
88169607
88169705
88169706
88169721
88171833
88172522
88174543
88174549
88175254
88176550
88176619
88176676
88176949
88177003
88177392
88179544
88179645
88179768
88180403
88180819
88181262
88181458
88181783
88181786
88181872
88183284
88183427
88183569
88184941
88185090
88185373
88185431
88186115
88186132
88186146
88186805
88187457
88187800
88188377
88188829
88189157
88189165
88189461
88189725
88189881
88190456
88190460
88190799
88190871
88190919
88190971
88192492
88192593
88192667
88193041
88193082
88193290
88193532
88194957
88195086
88195671
88196144
88196150
88197061
88198710
88198717
88198784
88198951
88199042
88199069
88199189
88199827
88201144
88201262
88201377
88202652
88202849
88203042
88203574
88203965
88204163
88204289
88204550
88205569
88205988
88206655
88207410
88207664
88208830
88209331
88210513
88210897
88211117
88212457
88214207
88215333
88216349
88216352
88220295
88002196
88011141
88052091
88053612
88112253
88112316
88116494
88121170
88121933
88121939
88121944
88134895
88137262
88137351
88137785
88140620
88150418
88150516
88150590
88150656
88152554
88153244
88153296
88156142
88156616
88158121
88158138
88158626
88158856
88159145
88159147
88160766
88161648
88163418
88163419
88163705
88163711
88164491
88165153
88165229
88165239
88167431
88167628
88167943
88167948
88168965
88170890
88176600
88176635
88177326
88177358
88177388
88177457
88177458
88177519
88177635
88177934
88178509
88178603
88179527
88179783
88179784
88179846
88182212
88182521
88183280
88183285
88183394
88183568
88183574
88183711
88183907
88184312
88186148
88186569
88186912
88186942
88187052
88187072
88187924
88187936
88188154
88188350
88188567
88188654
88188802
88188943
88189246
88189271
88189596
88190520
88190531
88192227
88192318
88192445
88192448
88192563
88192620
88192722
88192904
88193105
88193116
88193130
88193301
88193476
88193698
88193886
88194765
88195864
88198077
88198113
88198118
88198196
88198202
88199451
88200215
88200316
88200610
88201510
88201533
88201535
88202087
88202126
88202166
88202857
88203775
88204024
88204311
88205401
88205600
88206511
88208334
88211300
88211862
88212150
88212190
88212218
88213345
88215914
88216594
88000330
88001179
88001238
88004667
88005213
88007631
88007763
88007826
88009014
88015723
88020289
88023015
88031432
88045574
88046736
88049116
88049370
88051100
88053302
88053578
88103935
88119152
88120274
88122849
88137186
88137677
88138956
88139668
88139869
88140293
88148803
88148839
88149185
88158232
88159261
88159287
88162409
88163407
88163489
88164376
88164878
88165526
88167495
88168312
88168354
88168435
88168585
88169181
88170320
88170597
88170733
88170783
88172835
88172879
88173198
88173204
88173208
88173210
88173221
88173909
88176571
88177528
88178311
88178393
88178416
88178535
88180216
88181291
88182168
88182744
88182879
88182945
88183483
88183497
88183498
88183855
88183937
88184344
88184392
88184431
88184477
88184484
88186581
88186627
88186832
88186961
88188155
88188253
88188428
88188942
88189068
88189125
88189358
88189712
88189805
88189963
88190778
88190813
88190815
88192073
88192387
88192774
88194365
88195363
88197083
88197853
88198009
88198176
88198219
88198648
88198683
88199422
88199550
88199556
88199845
88199987
88201046
88202135
88202556
88202685
88203376
88203483
88203551
88205402
88205407
88205498
88205995
88207471
88208004
88208230
88208808
88209620
88210126
88210935
88211176
88216065
88225508
88003622
88004098
88020775
88020800
88020801
88045119
88050327
88105454
88106213
88112542
88120533
88136553
88137494
88138110
88138704
88139068
88139274
88139968
88140233
88140601
88146011
88147579
88147621
88147782
88148119
88148122
88155355
88156433
88157960
88158133
88162347
88162835
88164435
88164477
88164835
88164994
88165109
88165174
88165247
88166074
88166706
88166708
88167514
88167549
88167614
88168883
88169416
88169588
88170369
88170370
88171688
88171791
88171877
88171897
88173432
88173771
88176285
88176403
88177509
88177553
88177765
88178005
88178007
88178111
88178224
88178250
88178322
88178372
88178679
88179605
88179752
88179875
88180283
88181820
88182152
88182629
88182888
88183108
88183249
88183256
88183376
88183556
88184826
88185103
88185195
88186153
88186524
88187084
88187132
88187347
88187607
88187702
88187735
88188325
88188545
88189156
88190544
88190547
88190875
88191202
88191655
88191910
88192086
88192205
88192333
88192615
88193198
88193738
88193862
88195365
88195912
88196801
88197242
88197937
88197965
88199434
88199482
88199626
88199840
88200104
88200389
88200647
88200888
88201024
88201118
88201956
88203299
88204401
88204639
88205175
88205362
88205524
88205943
88206225
88206273
88207566
88208339
88208574
88208670
88208722
88210679
88211381
88211575
88212125
88212198
88212814
88213150
88213516
88215466
88215785
88216336
88216547
88216749
88218667
88000041
88005479
88016254
88024630
88041236
88045186
88045197
88045842
88049369
88053050
88105803
88106231
88106573
88108080
88110677
88111093
88113422
88114764
88115533
88115909
88124375
88124607
88124635
88142902
88143632
88143745
88144429
88146439
88146460
88146536
88146562
88146748
88146758
88146760
88146954
88152729
88155862
88155887
88155897
88156713
88157481
88158144
88158810
88158905
88159172
88160310
88161754
88161956
88162131
88162508
88162895
88163824
88167599
88168542
88170797
88171579
88172316
88173521
88173731
88174379
88176580
88176731
88176733
88176993
88177019
88177159
88177600
88177604
88177610
88177644
88177683
88178088
88178625
88178750
88179813
88179844
88182493
88182494
88182495
88182862
88183187
88183666
88184120
88184432
88184716
88185020
88185132
88185239
88186561
88186953
88188005
88188770
88189117
88189250
88189332
88189505
88189509
88189511
88189513
88189560
88189574
88189575
88189595
88190149
88190223
88190264
88190286
88190584
88191032
88191740
88192565
88192789
88193080
88193348
88193352
88193408
88193469
88193747
88194845
88195861
88196934
88197225
88197781
88198076
88198141
88198329
88198504
88199354
88199383
88199503
88199561
88199715
88200454
88200641
88201153
88201508
88202477
88202493
88204525
88204963
88205069
88205510
88206413
88206545
88208128
88208777
88210047
88211688
88213114
88216460
88216666
88232226
88231911
