47164240
47146530
88180403
88176676
53207865
53053405
53165580
65135423
10138449
69135455
69028130
77176676
77158625
7136138
35135507
35168609
35179944
35180175
35189362
35188152
35200145
63135455
53171919
11146530
9136138
9048717
9028130
35176676
63048717
47138449
53176676
77164240
77146530
8136138
35164169
35190483
35201942
63135451
47135455
53146530
53164240
69146530
77188152
8028130
6028130
35146530
35164240
35180403
35189242
63136138
88190871
88164240
91179944
77190871
53190871
65138449
91176676
7028130
35190871
63001040
91164240
91135455
65028130
91146530
31005003
63138449
91190871
33004231
33005003
27005003
93001040
91138449
91028130
27004231
31004231
93190043
#bulgaria
88185373
11178767
88030110
10030110
69030110
6030110
9030110
7030110
8030110
11030110
93004833
#burkina-faso
88179768
69179768
#burundi
#cambodia
#cameroon
47157392
88192667
69172949
77197061
77150565
9157392
6142444
47164959
88199069
88183569
88157503
77183284
11183284
9120304
8111661
7111661
47120304
88185090
88111661
69157392
77188829
77157503
10120304
9157503
9111661
6111661
47111661
88197061
88188829
88183284
88009676
69164959
69120304
11111661
10111661
47157503
77009676
11164959
11157503
10157503
8120304
7120304
6120304
10009676
69197061
11009676
8009676
69157503
9009676
63009676
53188829
7009676
63120304
47009676
6009676
69009676
91009676
#canada
88134744
7045226
63134744
#cape-verde-islands
63003078
#central-african-rep
#chad
#chile
35191725
47184941
47174551
47174549
47158351
47020787
88199827
88187800
88174549
88105318
88024248
77206655
77187800
11174543
11158351
10158351
9184941
7024248
35174549
35203801
35199827
47181872
47105318
88206655
88199042
10157492
77174549
11174551
10184941
10174551
10174549
10105318
9181872
9174549
63020787
88157492
77024248
35024248
35105318
35113045
88193532
88192492
77193532
11187800
11174549
8174549
7174549
47024248
77174543
10024248
9024248
35157492
35192492
69024248
11181872
8024248
35176930
88174543
11184941
35194795
35158851
77184941
35196069
35199042
63024248
88181872
35187800
77181872
88184941
35193532
53174543
53184941
35174543
35206655
35184941
35181872
#china-pr
81202103
81186229
81182802
81182071
85181846
81182044
85222204
85192120
85186488
85182412
85181976
81182122
85182096
85175589
81224677
81182412
81182096
81181852
81181846
85182411
85182343
85158309
85158293
81222248
81182411
81182045
85221820
85200672
85183997
85182427
81224608
81223826
81202102
81192120
81186488
81182464
81182409
81181976
85182224
85182043
85181971
81224599
81222235
81222204
81217153
81175598
89999803
81182473
81221820
81183997
81182427
81182224
81175589
81158309
81158293
81182343
81221445
81200672
81182043
81181971
89999806
89999804
89999802
89999805
89999801
89999800
#chinese-taipei
#colombia
35176546
35196142
35196143
85196147
88215333
88212457
88204550
88190919
69024438
77212067
77210513
77199110
77187075
77177974
77176605
77176550
77168567
10168565
9177983
6014916
35186521
35204550
35214332
88214207
88210513
88176619
88176550
77177983
11198710
8177983
7155813
35176605
35212457
88201377
88196150
77204550
77176619
8024438
6155813
35176619
35182882
35192342
35199110
35210513
35214207
35215333
88169051
88167397
77169051
11169051
9167397
8014916
35196150
35204259
88207664
77193082
10167397
7014916
88196144
88193082
77196144
35169051
35177983
85169051
11167397
7024438
35201377
6024438
35167397
35196144
35193082
85196144
35207664
77167397
35176550
88198710
53198710
77198710
35198710
91167397
93222680
#comoros
#congo
88046590
11046590
63002769
#costa-rica
35204713
35208379
88176949
88190799
77176949
9176949
35176949
35190799
11176949
10176949
88193041
69176949
35193041
#croatia
35201139
88216349
88201144
65139997
69195086
69172140
77181458
77045504
11177398
9181786
9172140
9168651
9157597
8143671
6148138
6143671
6139997
88216352
88207410
88185431
65045504
67168651
69181786
69143671
77207410
77181786
77148138
11181783
11157597
9139997
8168651
7045504
35216349
88195086
65148138
67181786
67045504
77195086
11148138
10168651
8181786
8139997
8045504
6045504
35192593
35216352
88192593
88181786
88181458
88139997
77139997
11168651
11139997
11045504
10148138
10045504
9148138
9143671
9045504
8148138
35181786
35185431
35195086
67157597
69157597
69148138
8157597
35201144
77168651
35207410
88181783
9177003
8177003
67139997
77181783
10177003
35139997
35181783
67172140
69168651
88168651
67148138
67143671
69177003
77177003
35168651
11177003
35181458
88177003
67177003
35177003
91177003
93214649
#cuba
88190971
#curaçao
#cyprus
#czech-republic
88181262
11150278
10112244
7138468
6167413
35150278
35181271
88201262
65167413
7150278
6138468
35155989
35181262
88008473
65138468
10150278
11008473
67006235
11112244
9150278
35008473
35201262
10048940
10008473
35203605
9048940
67112244
67008473
9008473
8008473
6008473
88048940
69048940
69008473
11048940
7008473
67048940
8048940
6048940
35048940
65048940
77048940
7048940
65008473
65006235
63008473
63048940
93006235
#dr-congo
88210897
88189157
88179544
88177392
88198951
53189157
#denmark
47049170
88204163
88203965
88202849
88172522
88135043
69146769
8049170
7049170
47179645
47135594
88193290
6152039
6049170
47167706
88163587
88159240
10167706
9167706
9049170
8167706
8146769
88179645
88152039
69167706
11190460
7152039
47152039
10152039
9152039
8152039
77152039
11152039
88190460
63152039
93190053
93222257
93222000
#dominican-republic
#ecuador
35202056
88187457
88186805
69187457
77175254
6167905
35199108
88175254
88167905
77187457
35167905
35175253
35187457
11187457
9167905
35175254
88220295
11167905
77167905
10167905
35186805
65167905
35220295
69167905
#egypt
88209331
#el-salvador
#england
35231677
63163264
14007289
47183465
47169596
47169465
47164462
47163761
47157665
47152879
47013130
88205569
88203574
88198717
88189725
88189165
88186132
88183427
88169706
88169607
88169595
88165740
88152747
88137782
88054013
65159034
65134941
65053593
65050641
65050542
65013130
65011918
77205988
77198784
77182836
77169596
77165740
77158804
77013879
11186146
11051394
11050588
10169721
10169465
10165191
10101880
10013130
9164468
9152747
9053998
9050713
9013130
8164859
8159034
8150724
8138831
8134941
8101880
8013914
7163631
7162476
7159034
7138726
7054013
7053827
7051257
7013739
7011918
6163631
6138726
6053593
6050641
6050542
6013843
6011918
47169721
47165191
47101880
47053998
47050713
47050641
47008517
47005419
47002231
47000388
88198784
88169721
88169705
88050542
65163631
65120312
65051394
65050598
69013130
77189881
77186146
77163155
77137782
77008517
11163155
11138784
11101880
11051257
11003395
10164468
10163631
10053353
10051257
10050713
10013690
10008517
9134941
9050641
8152747
8138412
8053914
8050713
8050598
8050542
7138193
7120312
7053869
7051394
7013130
7006826
6050598
6013690
6013130
6011642
35050542
35169705
47164469
47164468
47150724
47120312
47054013
47051257
88211117
88203042
88188377
88186146
88186115
88163155
88152908
88013879
88005471
65138831
65013739
65000244
69050641
77199189
77194957
77188377
77186115
77163600
77152908
77138726
77138412
77050542
11169721
11164468
11138726
11053436
11050641
11050542
11013914
10137782
10120312
10054033
10054013
10053436
10003395
9164859
9163631
9138412
9054013
9050598
9050542
9008517
9003395
8164469
8152908
8137782
8051394
8050641
8013130
8003395
7050641
7050542
7003395
6134941
6120312
6051394
6051257
6013739
6008517
6006826
35163155
35169595
35169721
63164859
63013739
63013130
47165740
47164859
47163631
47138726
47138412
47137782
47054033
47053914
88195671
88194957
88190456
88189461
88169596
88164859
88164469
88053914
88021146
88013743
65008517
65003395
69120312
69054033
77152747
77053914
77021146
11182836
11171833
11163631
11138412
11138193
11137782
11120312
11054033
11053914
11021146
11006826
11000027
10164859
10152908
10138726
10138412
10053914
10050542
9164469
9137782
9101880
9053914
9051257
9013690
8169721
8138726
8054013
8051257
8013690
8008517
7152747
7013914
7008517
35013743
35013879
35164859
35195671
35203042
47152908
47050598
47050542
47003395
47000027
88199189
88006826
65138193
77189461
77164859
11054013
11050598
11008517
10165740
10152747
10150724
10050598
10021146
10000027
9152908
9138726
7169721
7034079
6138193
6053869
6003395
35006826
35152908
35169596
35189461
47152747
47021146
47006826
88189881
88180819
88171833
88150724
88138412
77183711
77180819
11189461
11165740
11164859
11152747
11150724
10006826
9000027
7050598
7013690
7000027
35164469
35186115
35194957
35198784
35203574
35204289
35211117
47034079
47013743
88208830
88205988
88204289
88202652
88054050
65164859
65152747
65054013
69189881
69189461
69171833
69164859
69050542
77150724
11152908
11005471
10034079
10013743
9034079
9021146
9006826
8021146
8000027
7021146
6034079
6013914
6000027
35005471
35013732
35188377
63138784
63000195
88164468
88163631
88013732
53195671
65051257
77202652
77163631
77005471
11034079
11013743
11013732
11007289
10013732
10007289
9013732