#albania
35189296
35203458
88210864
6134956
35229167
88134956
35182713
9134956
35134956
35210864
8134956
7134956
35201220
#algeria
88201454
88217699
88201143
88184881
77184881
88184267
88204485
#angola
#antigua-and-barbuda
#argentina
35183966
47184144
47183900
47173373
47153061
47143587
47142822
47140276
47138810
47123629
88215079
88214997
88212616
88212541
88205408
88204555
88201095
88199151
88191488
88188988
88188791
88179847
88176919
88176376
88173030
88172114
88165536
88152916
88142781
88142750
88142721
88139062
88138810
88138806
88048745
65142784
65142603
69188791
69173300
69155896
77176915
77158963
77142775
11198347
10184144
10183900
10173373
10142822
10142784
10138810
10138787
9183898
9173373
9158089
9142784
9142780
9123629
9123603
8178562
8167435
8158089
8157412
8153177
8146695
8142784
8140276
8140274
8123629
8052797
7167666
7167435
7146695
7142784
7138787
7104047
6156375
6143001
6142603
6134979
6048745
63142781
47173306
47165501
47143068
47142784
47140274
47134979
88215051
88214968
88201988
88186405
88183893
88179696
88167669
88165501
88143076
88138123
88134979
65156506
65143102
65142780
65142708
65134979
69184144
69138810
77165517
77110381
11204555
11190972
11188791
11183900
11142822
11140276
11048745
10183899
10173306
10165517
10165501
10152999
10140274
10138806
10134979
10123603
10110381
10052797
9172114
9165517
9014907
8177981
8167666
8123603
7158963
7143102
7140274
7110381
7048745
6156506
6155896
6146695
6143102
6142784
6142780
6142708
6138787
6104047
35214977
88138703
47171828
47170481
47165517
47152999
47138806
88215199
88207441
88196432
88190972
88183900
88183899
88183895
88176915
88173306
88142708
10142773
65155896
69165501
69140276
69139038
77204555
77196432
77173306
77134979
77048745
11123603
11001803
10170481
10153177
10139038
9152999
9140274
9138787
8155896
8152999
8142603
8048745
7165517
7140276
35183895
35215054
47191180
47153177
47123603
47110381
88215316
88193061
88178562
88152999
88142780
10138703
65153079
69173306
69165517
69134979
77178562
11184144
11183899
11178562
11173306
11153177
11152999
11142708
10183898
9170481
9167664
9052797
9001803
8170481
8165517
8159065
8142708
8001803
7134979
6153079
6142754
35138703
35142708
35183900
63158963
63143121
47183898
47142750
47001803
88186547
88158963
10142750
53183900
65140276
69170481
77170481
77170368
77167664
77152999
77123603
10191180
10001803
9134979
8143068
8110381
7142708
7001803
6140276
35142780
35152999
35173306
35183892
35183899
35193061
63179696
63165517
47178562
47159065
88201862
88191180
88184144
88170481
65152999
69178562
69001803
77142784
11191180
10178562
10159065
9159065
9110381
8138787
8023461
7153079
7138123
6138123
35186547
35215316
63165526
47138123
88192366
88159065
88142784
53211110
65167435
65146695
65048745
77159065
77142754
11183898
11167664
11159065
11138123
10167664
10138123
9153177
9143001
8134979
7142754
7023461
35199667
63134979
88211110
88142754
10142707
65001803
69183898
11142754
11023461
10153079
10143001
10023461
9153079
9023461
8153079
7143001
6023461
35143001
35142784
35158963
35159065
35170481
35184144
35191180
47153079
47142708
47023461
88201399
88170368
88143001
65023461
69167664
77183898
10142754
10142708
9142708
9138123
8138123
6158023
35176915
35201399
63023461
47143001
88183898
53191180
65143001
65138123
69142708
69023461
77153079
9142754
8143001
8142754
35178562
63142754
63138123
47142754
69138123
77201862
11153079
11143001
7158023
35201862
88167664
88153079
53142780
53192366
53201399
65158023
65142754
35170368
35183898
35211110
47158023
53143001
65110381
65010959
69142754
8158023
35173373
35192366
63158023
53153079
10158023
9158023
35142754
35167664
65007512
11158023
35153079
88158023
91183898
47167664
31007518
77158023
33007518
35158023
53158023
93007512
69158023
27007518
91158023
#armenia
88192883
#aruba
#australia
77051412
8051813
85051412
88199005
10051412
9155964
9050816
8051412
7051412
47000684
11051412
10000684
9051412
9000684
8155964
7051813
11000684
6051813
6000684
65176992
65050816
65047996
65150508
65034373
65051412
65000684
#austria
35177578
63152211
88209997
6001611
35161857
88189060
88173474
35177666
88184200
35189606
88001611
35163810
35173474
35184200
35189060
35001611
35139313
35138384
53173474
88197445
77197445
35197445
#azerbaijan
#bahrain
#barbados
#belarus
#belgium
88192537
88053630
69172871
77163492
11192505
10163492
8139720
35053630
88208418
88208330
88203486
88176944
88176009
88173426
88170815
88163492
77170815
11176944
11163492
9162240
7017605
35170815
35176009
63170815
63047201
88200529
88157304
77200529
77172871
77157304
11172871
10170815
9170815
9139720
7139720
6139720
88204529
88184111
88177413
88172175
77177413
77175943
77172175
77162240
11175943
10183277
10176944
10139720
9176944
9157304
8017605
35162240
35203486
35208330
63139720
88162240
77192985
77184111
77176944
35163492
35172175
35173426
35184111
35200529
35202371
35204529
35208418
35213135
63172175
88184087
88178518
69157304
77173426
11157304
10157304
63017605
88192505
88175943
88172871
88139720
11139720
77192119
11183277
35176944
88183277
77192505
35157304
35175943
35192505
88192119
53178518
35177413
35178518
35184087
88192985
77183277
77139720
35139720
35172871
35192119
53192985
35183277
53183277
35192985
#belize
#benin
88163699
11163699
10163699
9163699
#bermuda
#bolivia
#bosnia-herzegovina
85157430
88188427
88141200
77157430
85102359
77188427
77141200
10180206
9162369
88180930
69180206
77162369
11180206
88172723
77172723
10102359
11180930
9180930
88180206
77180206
10180930
77180930
#brazil
85192305
85191625
88137809
14185000
14180695
14028130
47190782
47189681
47187323
47186556
47176894
47176266
47158625
47152855
88216466
88209297
88205340
88202642
88200145
88199914
88194135
88190756
88190024
88189681
88184949
88182002
88175847
65171919
65168607
65146530
65140140
65135455
65049370
10152855
69189680
77202642
77187323
77168607
11180714
11164082
11135507
10189681
10164082
10156272
10020556
9178264
9176676
9152840
9135451
9000768
8135073
8000768
7135455
6171919
6168607
6164082
6148711
6140140
6053405
6049370
35180714
35209499
63171919
47188177
47184943
47168609
47149231
47053405
47020556
88223517
88209499
88205976
88205525
88201305
88187324
88184134
88180714
88177573
88173228
88168607
88166072
88139094
88135455
65149568
69190782
69189681
69189242
69164082
69020556
77135455
77053405
11053405
10190871
10188177
10176266
10167963
10149231
10135475
10053405
9184943
9179944
9176266
9168609
9164240
9153260
9137171
8168607
8164169
8153260
8152840
8148711
8137171
8053405
8049370
7149568
6135455
6048717
85188044
88215792
88210342
63176676
63169126
63120533
14187961
47184134
47180432
47165580
88212831
88203627
88201995
88201400
88194404
88193525
88191687
88189169
88188086
88187754
88180826
88180716
88176266
88167959
88164082
88153260
88136138
88136130
88135475
88053405
10137809
65152855
69188177
69156272
69149231
69053405
77207865
11188177
11184943
11171919
11168444
11167963
11135475
11135466
11135451
11020556
10184943
10180432
10176676
10165580
9184134
9176927
9165580
9156272
9149231
9053405
9049370
8184943
8156272
8149231
8136130
7168607
6149568
35201305
85204943
85192598
47190871
47179944
47176676
47171919
47149568
47136130
47049370
88213374
88212523
88212462
88210282
88207865
88199304
88188803
88181019
88180432
88168530
88158625
88148711
65153260
65135451
10146692
69049370
77205525
77176266
77028130
11185000
11165580
11164169
10179944
10171919
10163979
10049370
9181392
9180432
9168607
9167963
9148711
9139094
9136130
8185000
8176266
8171919
8165580
7153260
7148711
7136130
7048717
6135451
35158625
35168530
35180432
35201400
85138456
85136144
88157271
63053405
47176927
47168607
47164169
47148711
47139094
47135451
88200949
88188081
88184943
88172610
88165580
88135507
88048717
53201995
69171919
77187961
77168609
77048717
11181392
11179944
11176676
10181392
10164169
10148711
10139094
10136130
10135451
9189362
9171919
9164169
9135475
8180432
8135451
7171919
7135451
6153260
35172610
35200949
85192064
88180175
63135423
47189362
47181392
88189362
88188152
88185221
88176769
88146530
88138449
10180175
65136138
65136130
69184943
69181392
69179944
69176927
69148711
69136130
69135451
77200949
77185221
77180432
11200949
11180432
11176927
11139094
11136130
11048717
10189362
10176927
10164240
8167963
8139094
8135455
7167963
7139094
6139094
6136138
6136130
35048717
35157271
35148711
35144622
35199304
85187961
63149231
63049370
47136138
88201942
88171919
88144622
69121591
77180403
77179944
77164169
11136138
11135455
11028130
10136138
9149568
35165580
35171919
35207865
63136130
47048717
88191043
88168609
69167963
69048717
77189362
77184943
11190871
11189362
10146530
10048717
8149568
35138449
88190483
88189242
88179944
88164169
65148711
65048717
69176676
69164240
77135507
11164240
10135455
10028130
9146530
9135455
8146530
8048717
7146530
35176769
35185221
35191043
47164240
47146530
88180403
88176676
53207865
53053405
53165580
65135423
10138449
69135455
69028130
77176676
77158625
7136138
35135507
35168609
35179944
35180175
35189362
35188152
35200145
63135455
53171919
11146530
9136138
9048717
9028130
35176676
63048717
47138449
53176676
77164240
77146530
8136138
35164169
35190483
35201942
63135451
47135455
53146530
53164240
69146530
77188152
8028130
6028130
35146530
35164240
35180403
35189242
63136138
88190871
88164240
91179944
77190871
53190871
65138449
91176676
7028130
35190871
63001040
91164240
91135455
65028130
91146530
31005003
63138449
91190871
33004231
33005003
27005003
93001040
91138449
91028130
27004231
31004231
93190043
#bulgaria
88185373
11178767
88030110
10030110
69030110
6030110
9030110
7030110
8030110
11030110
93004833
#burkina-faso
88179768
69179768
#burundi
#cambodia
#cameroon
47157392
88192667
69172949
77197061
77150565
9157392
6142444
47164959
88199069
88183569
88157503
77183284
11183284
9120304
8111661
7111661
47120304
88185090
88111661
69157392
77188829
77157503
10120304
9157503
9111661
6111661
47111661
88197061
88188829
88183284
88009676
69164959
69120304
11111661
10111661
47157503
77009676
11164959
11157503
10157503
8120304
7120304
6120304
10009676
69197061
11009676
8009676
69157503
9009676
63009676
53188829
7009676
63120304
47009676
6009676
69009676
91009676
#canada
88134744
7045226
63134744
#cape-verde-islands
63003078
#central-african-rep
#chad
#chile
35191725
47184941
47174551
47174549
47158351
47020787
88199827
88187800
88174549
88105318
88024248
77206655
77187800
11174543
11158351
10158351
9184941
7024248
35174549
35203801
35199827
47181872
47105318
88206655
88199042
10157492
77174549
11174551
10184941
10174551
10174549
10105318
9181872
9174549
63020787
88157492
77024248
35024248
35105318
35113045
88193532
88192492
77193532
11187800
11174549
8174549
7174549
47024248
77174543
10024248
9024248
35157492
35192492
69024248
11181872
8024248
35176930
88174543
11184941
35194795
35158851
77184941
35196069
35199042
63024248
88181872
35187800
77181872
88184941
35193532
53174543
53184941
35174543
35206655
35184941
35181872
#china-pr
81202103
81186229
81182802
81182071
85181846
81182044
85222204
85192120
85186488
85182412
85181976
81182122
85182096
85175589
81224677
81182412
81182096
81181852
81181846
85182411
85182343
85158309
85158293
81222248
81182411
81182045
85221820
85200672
85183997
85182427
81224608
81223826
81202102
81192120
81186488
81182464
81182409
81181976
85182224
85182043
85181971
81224599
81222235
81222204
81217153
81175598
89999803
81182473
81221820
81183997
81182427
81182224
81175589
81158309
81158293
81182343
81221445
81200672
81182043
81181971
89999806
89999804
89999802
89999805
89999801
89999800
#chinese-taipei
#colombia
35176546
35196142
35196143
85196147
88215333
88212457
88204550
88190919
69024438
77212067
77210513
77199110
77187075
77177974
77176605
77176550
77168567
10168565
9177983
6014916
35186521
35204550
35214332
88214207
88210513
88176619
88176550
77177983
11198710
8177983
7155813
35176605
35212457
88201377
88196150
77204550
77176619
8024438
6155813
35176619
35182882
35192342
35199110
35210513
35214207
35215333
88169051
88167397
77169051
11169051
9167397
8014916
35196150
35204259
88207664
77193082
10167397
7014916
88196144
88193082
77196144
35169051
35177983
85169051
11167397
7024438
35201377
6024438
35167397
35196144
35193082
85196144
35207664
77167397
35176550
88198710
53198710
77198710
35198710
91167397
93222680
#comoros
#congo
88046590
11046590
63002769
#costa-rica
35204713
35208379
88176949
88190799
77176949
9176949
35176949
35190799
11176949
10176949
88193041
69176949
35193041
#croatia
35201139
88216349
88201144
65139997
69195086
69172140
77181458
77045504
11177398
9181786
9172140
9168651
9157597
8143671
6148138
6143671
6139997
88216352
88207410
88185431
65045504
67168651
69181786
69143671
77207410
77181786
77148138
11181783
11157597
9139997
8168651
7045504
35216349
88195086
65148138
67181786
67045504
77195086
11148138
10168651
8181786
8139997
8045504
6045504
35192593
35216352
88192593
88181786
88181458
88139997
77139997
11168651
11139997
11045504
10148138
10045504
9148138
9143671
9045504
8148138
35181786
35185431
35195086
67157597
69157597
69148138
8157597
35201144
77168651
35207410
88181783
9177003
8177003
67139997
77181783
10177003
35139997
35181783
67172140
69168651
88168651
67148138
67143671
69177003
77177003
35168651
11177003
35181458
88177003
67177003
35177003
91177003
93214649
#cuba
88190971
#curaçao
#cyprus
#czech-republic
88181262
11150278
10112244
7138468
6167413
35150278
35181271
88201262
65167413
7150278
6138468
35155989
35181262
88008473
65138468
10150278
11008473
67006235
11112244
9150278
35008473
35201262
10048940
10008473
35203605
9048940
67112244
67008473
9008473
8008473
6008473
88048940
69048940
69008473
11048940
7008473
67048940
8048940
6048940
35048940
65048940
77048940
7048940
65008473
65006235
63008473
63048940
93006235
#dr-congo
88210897
88189157
88179544
88177392
88198951
53189157
#denmark
47049170
88204163
88203965
88202849
88172522
88135043
69146769
8049170
7049170
47179645
47135594
88193290
6152039
6049170
47167706
88163587
88159240
10167706
9167706
9049170
8167706
8146769
88179645
88152039
69167706
11190460
7152039
47152039
10152039
9152039
8152039
77152039
11152039
88190460
63152039
93190053
93222257
93222000
#dominican-republic
#ecuador
35202056
88187457
88186805
69187457
77175254
6167905
35199108
88175254
88167905
77187457
35167905
35175253
35187457
11187457
9167905
35175254
88220295
11167905
77167905
10167905
35186805
65167905
35220295
69167905
#egypt
88209331
#el-salvador
#england
35231677
63163264
14007289
47183465
47169596
47169465
47164462
47163761
47157665
47152879
47013130
88205569
88203574
88198717
88189725
88189165
88186132
88183427
88169706
88169607
88169595
88165740
88152747
88137782
88054013
65159034
65134941
65053593
65050641
65050542
65013130
65011918
77205988
77198784
77182836
77169596
77165740
77158804
77013879
11186146
11051394
11050588
10169721
10169465
10165191
10101880
10013130
9164468
9152747
9053998
9050713
9013130
8164859
8159034
8150724
8138831
8134941
8101880
8013914
7163631
7162476
7159034
7138726
7054013
7053827
7051257
7013739
7011918
6163631
6138726
6053593
6050641
6050542
6013843
6011918
47169721
47165191
47101880
47053998
47050713
47050641
47008517
47005419
47002231
47000388
88198784
88169721
88169705
88050542
65163631
65120312
65051394
65050598
69013130
77189881
77186146
77163155
77137782
77008517
11163155
11138784
11101880
11051257
11003395
10164468
10163631
10053353
10051257
10050713
10013690
10008517
9134941
9050641
8152747
8138412
8053914
8050713
8050598
8050542
7138193
7120312
7053869
7051394
7013130
7006826
6050598
6013690
6013130
6011642
35050542
35169705
47164469
47164468
47150724
47120312
47054013
47051257
88211117
88203042
88188377
88186146
88186115
88163155
88152908
88013879
88005471
65138831
65013739
65000244
69050641
77199189
77194957
77188377
77186115
77163600
77152908
77138726
77138412
77050542
11169721
11164468
11138726
11053436
11050641
11050542
11013914
10137782
10120312
10054033
10054013
10053436
10003395
9164859
9163631
9138412
9054013
9050598
9050542
9008517
9003395
8164469
8152908
8137782
8051394
8050641
8013130
8003395
7050641
7050542
7003395
6134941
6120312
6051394
6051257
6013739
6008517
6006826
35163155
35169595
35169721
63164859
63013739
63013130
47165740
47164859
47163631
47138726
47138412
47137782
47054033
47053914
88195671
88194957
88190456
88189461
88169596
88164859
88164469
88053914
88021146
88013743
65008517
65003395
69120312
69054033
77152747
77053914
77021146
11182836
11171833
11163631
11138412
11138193
11137782
11120312
11054033
11053914
11021146
11006826
11000027
10164859
10152908
10138726
10138412
10053914
10050542
9164469
9137782
9101880
9053914
9051257
9013690
8169721
8138726
8054013
8051257
8013690
8008517
7152747
7013914
7008517
35013743
35013879
35164859
35195671
35203042
47152908
47050598
47050542
47003395
47000027
88199189
88006826
65138193
77189461
77164859
11054013
11050598
11008517
10165740
10152747
10150724
10050598
10021146
10000027
9152908
9138726
7169721
7034079
6138193
6053869
6003395
35006826
35152908
35169596
35189461
47152747
47021146
47006826
88189881
88180819
88171833
88150724
88138412
77183711
77180819
11189461
11165740
11164859
11152747
11150724
10006826
9000027
7050598
7013690
7000027
35164469
35186115
35194957
35198784
35203574
35204289
35211117
47034079
47013743
88208830
88205988
88204289
88202652
88054050
65164859
65152747
65054013
69189881
69189461
69171833
69164859
69050542
77150724
11152908
11005471
10034079
10013743
9034079
9021146
9006826
8021146
8000027
7021146
6034079
6013914
6000027
35005471
35013732
35188377
63138784
63000195
88164468
88163631
88013732
53195671
65051257
77202652
77163631
77005471
11034079
11013743
11013732
11007289
10013732
10007289
9013732
8034079
8006826
7005471
6005471
35021146
35053914
35138412
35186146
35190456
35205988
63163155
63003395
47013732
88183711
53169705
65054050
69152747
69005471
77164468
77054050
10005471
9054050
9007289
9005471
7007289
6054050
6021146
35163631
35171833
35180819
35199189
35202335
53190456
65013914
65007289
77171833
77013743
11054050
9013743
8005471
7054050
7013743
7013732
6013743
6013732
6007289
35164468
47005471
88202126
53183711
65034079
65000388
65000027
69051257
69021146
10054050
8054050
8007289
35054050
35183711
63054050
63021146
63000244
47054050
53202126
65021146
65013743
65005471
69034079
69013732
8013732
35150724
35202126
35202652
35208830
63034079
63013732
63005471
63000027
65013732
65005419
69007289
8013743
35189881
53013732
69054050
49000249
49000245
91054050
91005471
63051257
63013743
49000244
93000001
49000246
55000239
91007289
93000195
93000393
91013743
93000244
91013732
55230024
93214267
93000388
93005419
27000246
93000051
93190044
55230025
#equatorial-guinea
#estonia
88140620
#ethiopia
#fyr-macedonia
10137506
8137506
69137506
9137506
#faroe-islands
#fiji
#finland
11007939
9007939
6007939
88156142
#france
65156726
65116494
65051105
65026992
65012666
67177326
67161999
67150656
67051123
67049488
67041734
67041674
69112316
77201455
77200458
77177388
77167628
77163705
77159145
77153244
77150590
77052091
11194765
11192722
11188696
11183870
11167628
11163423
11153244
11134779
10176600
10164978
10041725
9181455
9179527
9163423
9159145
9134779
9116308
9112316
9051934
9041674
9026992
9007784
8177326
8161700
8150656
8134779
8051934
8051123
8049488
8041734
8041674
8026992
8018122
7161700
7150656
7051934
7049488
7041674
7026992
7018122
7007784
6177643
6156726
6116494
6004353
35150590
63161646
63150656
47183280
47181455
47179527
47177635
47177326
47167943
47164978
47163423
47161648
47159145
47156722
47156432
47134779
47041874
47041725
47001419
88199451
88198118
88193105
88192722
88188654
88187924
88187052
88184312
88182212
88163418
88159145
65152554
65150656
65135859
65107298
65052126
65018919
65007784
67052126
69184881
69138670
77190531
77187924
77183285
77179527
77178213
77165239
77150656
11164978
10183280
10179527
10167943
10163423
10161648
10156722
10041734
10041635
10007784
9183280
9167943
9161648
9156722
9051123
9041725
8161648
8107298
8052126
7165153
7052126
7045062
7041874
7018919
6161700
6152554
6051105
6026992
6018919
6007784
88153296
63152554
63005594
47160766
47137114
47051123
47041635
88205600
88201533
88193476
88189271
88187936
88183280
88176600
88168965
88158626
88150656
88150590
65135149
65116914
65052091
65051123
65041874
65041635
10053030
69193116
69156722
69041874
69041734
69041635
77201535
77193116
77158626
77152554
11177388
11177326
11165229
11161648
11159145
11153296
11117063
11051123
11041734
10177326
10137114
10135149
10051123
9135149
9041734
8167948
8051105
8041725
7152554
7051105
7041725
6150656
6116914
6052126
6051123
6041874
63161648
47163705
47153244
47117063
47116494
47053030
47051105
88201510
88193116
88183285
88179527
88177635
88177326
88167943
88163705
88163419
88160766
88158121
88116494
88052091
65001605
69181455
69177326
69163423
69007784
77178509
77167943
11183285
11183280
11168293
11167943
11160766
11141645
11116494
11041874
11041635
10163705
10160766
10153244
10134779
10117063
10116494
10051105
9167948
9163705
9160766
9117063
9116494
9051105
8163705
8160766
8159145
7135149
7052091
7041635
6045062
35158121
35160766
35163705
35167943
63156722
47163419
88215914
88190531
88165239
88163711
88161648
88159147
88112253
53183870
67007784
69163705
69160766
69153244
69152554
69134779
69051105
77177326
11188385
11179527
11176600
11163711
11163705
11112253
11007784
11001625
10163419
10152554
10141645
9163419
9153244
9141645
8163711
8163419
8135149
8052091
7051123
6135149
6041635
35112253
35159147
63163423
47167948
47165153
88216594
88213345
88212218
88204311
88183394
88167628
88153244
88152554
88112316
65112253
65001289
10045601
67026992
67018122
67001419
69163419
69141645
77194765
11163419
11152554
10167948
10165153
10163711
10001625
9163711
9152554
8156722
8152554
8141645
7112253
6112253
35165239
35163711
35116494
35177635
63161700
47163711
47152554
88211300
65053030
65045577
67161700
67107298
67051105
67041725
67041635
69163711
69153296
77167948
11052091
10153296
10052091
9165153
9112253
9052091
9041635
8165153
8112253
8041635
7141645
6141645
6052091
35152554
35161648
35167628
35179527
35190531
35205600
35216594
63163711
63049472
63041635
47165239
47112253
47052091
88201535
88178509
88170890
88167948
88156616
65045062
67167948
67163705
67160766
67053030
67045601
67001289
69179527
69167948
69159145
69112253
11167948
11165153
10165239
10112253
9165239
9153296
8165239
8001625
7165239
7156616
35112316
35153244
35177326
35183280
35204311
35212218
63158626
63112253
88193301
88177388
88177358
88165229
53216594
67165153
67163419
67159145
67135149
67001605
69156616
77165229
10156616
35052091
53177388
67165239
67163711
67156722
67156616
67112253
67052091
69165239
77195864
77170890
77165153
9156616
9001625
8156616
7001625
6156616
6001625
35163419
35193301
35201535
63052091
88195864
88194765
88165153
53205600
53159147
53163705
65045601
67152554
69052091
77156616
11156616
35156616
35165153
35177358
35183394
35213345
35215914
63053030
47156616
53112253
11165239
35170890
35211300
53170890
53193301
53195864
69165153
35165229
63051123
53194765
35167948
35177388
35195864
63001419
65156616
65001419
91052091
35178509
91195864
35194765
91156616
91001625
93001605
27005984
31005984
93222481
93001116
93001419
#gabon
77188567
53188567
88188567
#gambia
#georgia
88192904
88205401
#germany
35213331
14121122
14005485
47183907
47183344
47179784
47158138
47155408
88211862
88208334
88206511
88198202
88198196
88198113
88192445
88188154
88186912
88186569
88183568
88177934
88164491
88158138
88134895
65121937
65101336
67167431
67158138
67150368
67126925
67121937
67112847
67053074
69101336
77198077
77192227
77188352
77186296
77164493
77164491
77052270
11137262
11121937
10167237
10164493
10158138
9179846
9177519
9167431
9137262
8167431
8158138
8150368
8126925
8121937
8112847
8053074
7150368
7137785
7121937
7121933
7053074
6137785
6101336
63053612
47176687
47167431
88212190
88212150
88204024
88193886
88193698
88189246
88188802
88158856
88150516
10121945
65121122
65049012
67137262
77207920
77204024
77198202
77189246
77188802
77183871
77158138
11193698
11186148
11183907
11177934
10179784
9179546
9150516
9049012
9002196
8137262
7164493
7126925
7121944
6121937
6049012
47179546
47178603
47137262
47052270
47049012
47002196
88203775
88202087
88200610
88200215
88193130
88190520
88177519
88137351
88002196
65053012
67167237
67101875
67005485
67002196
69158138
77192448
77186148
77183574
77150516
11182521
11179546
10179546
10178603
10150516
10137262
10052270
10005485
10002196
9167237
9005485
8167237
8121122
8101875
8005485
8002196
7167495
7150516
7150418
7121122
7101336
7047903
7005485
6121944
6121122
6005485
35190520
63011141
88202166
88200316
88198077
88192620
88187072
88186148
88183574
88167431
88150418
88137785
67167495
67053012
69179546
77202166
77192620
77179784
77177934
77177457
11193130
11188350
11179846
11179784
11053612
11049012
11011141
10189596
10182521
10179846
10049012
9121944
9121122
9052270
8167495
8164493
8150516
8121944
8101336
8052270
6053612
35187072
35208333
47053012
88202857
88177457
88137262
88011141
10053012
69194089
77177458
77121933
11150516
11002196
10053612
9167495
8049012
7049012
35011141
35137351
35137785
35177457
35179783
35186148
35188943
35192620
35200316
63101336
47177519
47164491
88192563
88192448
88188943
88186942
88179784
88179783
53198077
65002196
69195258
69182521
77183907
77179846
77150418
77011141
11189596
11178603
11121933
10167495
10150418
10011141
9176635
9053612
7002196
6002196
35053612
35167431
35121933
35192227
35192448
35198077
47121933
88192227
88121933
88053612
53202857
53190765
69053612
69053012
69011141
77193130
77186942
11192318
10121933
9121933
9011141
8150418
8053612
7053612
7011141
6150516
35137262
35177458
35192563
63121937
88192318
88179846
88177458
88121944
88121170
53179783
65164493
65137785
67121933
67121122
10176635
9150418
8121933
35121170
35179784
35179846
35183574
63121945
88188350
88121939
69189596
69179846
69179784
69162223
77002196
11176635
11121939
10121944
7121939
6011141
35121939
35150516
35150418
35186942
35202166
35202857
88178603
53190520
65005485
67164493
67053612
67052270
67049012
11167495
11121944
10121939
9121939
8011141
6121939
35121944
35193130
47179846
88189596
88183907
53121170
67150418
67101336
67000805
69167495
69121944
77188350
77176635
77121944
77053612
8121939
35188350
35208334
35212622
63150516
63121944
47182521
47150418
47121945
47053612
88182521
53167431
53183907
53189596
67121944
69121939
77182521
11150418
35178603
35192318
63000805
47150516
88176635
65150516
65121944
65053612
77192318
77167495
47176635
88167495
65121939
65000805
67150516
67121939
69176635
77178603
77121939
35167495
35183907
47167495
47121939
53182521
67011141
35176635
35182521
63121939
47121944
53167495
91182521
91167495
77189596
35189596
47189596
47011141
93000805
69150418
91121939
33003647
65011141
93215558
31003647
93166120
93215732
27234397
31000488
27003647
27000488
93168473
93191189
#ghana
11123621
10173909
10123621
47123621
88209620
88173909
69173909
69123621
88186832
88176571
77186832
77176571
77045674
9123621
77173909
11176571
11173909
8123621
69176571
65123621
11045674
10045674
47045674
9045674
7045674
69045674
6045674
65045674
8045674
63045674
#gibraltar
#greece
47183483
88182744
67150189
10150309
9181459
7150309
88184477
88183497
88183483
67150309
77184477
9150309
8150309
6150309
63100496
47181459
88208230
77183483
11181459
10181459
77172879
88172879
88192774
69172879
#grenada
#guam
#guatemala
#guinea
#guinea-bissau
#guyana
#haiti
#holland
47178416
47137109
88208004
88205402
88199422
88195363
88188155
88148839
88045574
88015723
67158372
67136764
67009771
69168584
77199767
77199422
77192362
77186351
77177569
77172049
77169181
77137109
10137677
9172049
9137109
9049425
8158372
8136764
7136764
7053578
6053578
63148803
88205995
88199550
88190778
88183937
88170597
88169181
69183937
77200223
77199987
77189805
77168585
77158372
77002147
11178416
10007814
8049425
7007814
88168585
63169181
14168585
47172049
88211176
88203483
88189805
88189068
88181291
88178416
88053578
65053578
67157301
67053578
77186452
77181291
77170597
11015723
10172049
10158372
10053578
10049425
9053578
8053578
8007814
6015723
63007826
63005680
47158372
88208808
88203376
88199987
88189712
88137677
65005680
77178416
77137677
11172049
11148803
11137677
10148803
10015723
9007814
7148803
47051539
88190815
88139869
88007826
65007814
77148803
77053578
11158372
11053578
10002147
9158372
63168584
47010264
88202556
88148803
65136764
77189712
77139869
77045574
9148803
9139869
9045574
9015723
8148803
8015723
7139869
7015723
7007826
65015723
69002147
10045574
10007826
9009014
9007826
8009014
8007826
7009014
6007826
63139869
88198176
67007814
69045574
69007826
11139869
11045574
11002147
7045574
6045574
65045574
65009014
65007826
67045574
67009014
69009014
77198176
77007826
11007826
10139869
10009014
8139869
8045574
6009014
63053578
63002147
53148839
67049425
67015723
63009014
88009014
69148803
69139869
65051539
67148803
67139869
67051539
67007826
11009014
47148803
47053578
47049425
47045574
47007826
65010264
63045574
77009014
47139869
47015723
53009014
67010264
91139869
63010264
47002147
63051539
63015723
47009014
33005740
91009014
93177845
93005680
93051539
31005740
93004000
27005740
93214100
93010264
93214098
93192181
#honduras
69175105
#hungary
35231493
88182879
35179712
35201746
10182879
35186648
11182879
35184789
35182879
#iceland
35195586
35133249
35191076
35212992
35166851
35189167
35206379
88184484
35169448
35179897
35184255
35184484
#india
#indonesia
#iran
#iraq
#ireland-republic
35003484
35163303
35169697
11051287
10051287
9053384
7004111
35155885
10155885
10003484
9155885
9003484
8051287
8004111
8003484
7149667
6003484
6000330
35201884
69155885
10004111
10000330
8155885
6149667
35138436
88188253
88000330
11155885
10170570
9170570
7002651
7000330
35149791
35188253
69000330
11002651
10002651
9002651
8002651
6002651
88180216
69169590
69003484
6051287
35000330
9000330
8000330
35180216
63003484
55053019
93000240
#israel
88164878
88198648
6141001
#italy
47178490
47149064
47137410
47137380
47103936
47049026
47045605
47045462
47007647
47007584
47004832
47001178
88216065
88205498
88202135
88201046
88199845
88192073
88186961
88182168
88178535
88177528
88173204
88172835
88170320
88168312
88165526
88149185
88140293
88051100
88046736
88023015
88005213
65163402
65051720
65045605
65004667
67182177
67178535
67178490
67173146
67149064
67137199
67123610
67113278
67113176
67105474
67103496
67052941
67051100
67049617
67034824
67010863
67007656
67007647
67004832
69168326
69045605
77184392
77154634
77149184
11049031
11034824
10007584
10001219
9159284
9105474
9103936
9034824
9001539
8182177
8178535
8178490
8173146
8137199
8113176
8105474
8052941
8051100
8049617
8034824
8010863
8007656
8007647
8004832
8004667
7163402
7138956
7123610
7052941
7051720
7004667
7001099
6149147
6142359
6138956
6137199
6137133
6120274
6000164
35212404
47184431
47184344
47173208
47173146
47169386
47168435
47159261
47139668
47137186
47103935
47052941
47045595
47001219
88205407
88202685
88198683
88197083
88190813
88168354
88162409
88159261
88120274
88103935
88004667
65051100
65045595
67186627
67159284
67149572
67149073
67049633
67001219
67000942
69137427
69007584
77198219
77198009
77193338
77192841
77182168
77173208
77168312
11178393
11149571
11139668
11103936
11005213
11001178
10182168
10173208
10168435
10159284
10149184
10139668
10137186
10113176
10103936
10103935
10001099
9178490
9173210
9173208
9162145
9137199
9103496
9051720
8159284
8149572
8123610
8001219
7137460
7137186
7045595
7010863
7007631
7001210
6163402
6123610
6051720
6045605
6004667
35202685
63137854
63046736
47173210
47149184
47137460
47023015
47005213
88207471
88203551
88192387
88186627
88183855
88178393
88173208
88173198
88163489
88163407
88159287
65010863
67149184
67137186
67122361
67001183
67001109
69189484
69045595
77206058
77199556
77185174
77184344
77183855
77183498
77173198
77168354
77137361
11182168
11178535
11168435
11168354
11159261
11149184
11137854
11123576
10169386
10159261
10103496
10005213
9149184
9052829
9045595
9007584
9001099
8149184
8137186
8123576
6053302
6045595
6007631
35159287
35183855
35202135
47186627
88210935
88198009
88184431
88184392
88183498
88139668
88007631
88001238
67184431
67162409
67137460
67137361
67045595
67005879
77190813
77184431
77178535
77103935
11186627
11177528
11173210
11173208
11113176
11051100
11049370
11001099
10186627
10173210
10149568
9186627
9139668
9137460
9137186
9001219
8186627
8184431
8162409
8159261
8137460
8137361
8045595
7053302
7049617
7001219
6137186
6049617
35001238
35163407
35178393
35184431
63162297
63045595
47162409
47159287
47123576
47052829
47005879
88178311
88049370
88007763
65053302
65000942
10005879
67052829
69001219
77192387
77186627
77173221
77165526
77162409
77139668
11159287
11103935
11103496
11053302
11004667
11001219
10162409
10159287
10123576
9169386
9137361
9123576
9103935
9005213
8052829
35210935
47137361
47053302
88199556
88198219
88189125
88173221
88168435
88164376
88137186
53193361
65137160
65001109
67137160
67004667
67001238
67001198
77178393
77159287
77049370
77007631
11137361
11007763
11007631
11001179
10137361
10053302
9184431
9159287
9159261
8103935
35007631
35049370
35139668
35182168
35190813
35192387
35192841
35198009
63103935
63045462
88053302
65049617
65001219
67159287
69053302
77173210
77168435
77137186
11138956
9162409
9053302
9023015
8159287
8005213
6001219
35178311
35189125
35203551
63045605
47138956
47001238
47001179
53211320
53198009
53198683
65137186
67159261
67005213
77007763
77001179
11162409
10138956
10007763
10007631
10001238
10001179
8120274
8053302
35053302
35168435
35173221
35184392
35198219
35199556
35206058
63123576
63051720
47120274
47007763
88184344
88173210
88138956
88001179
53203551
67123576
10120274
9138956
8138956
8007631
35007763
35137186
35183498
67120274
69123576
69001238
11120274
11001238
9120274
7023015
7007763
35164376
35173210
47007631
53023015
65005879
67103935
69007763
77138956
9007763
9001238
9001179
8023015
8007763
8001179
6023015
6007763
53184344
53199556
67138956
67053302
77053302
9007631
8001238
7001238
35184344
63053302
63005879
53001179
53138956
65007763
67023015
67007763
7001179
35138956
63007763
63001183
63001109
65001198
6001238
6001179
35001179
63001198
65023015
67001179
91007763
65001238
63001238
65001183
65001179
91001179
27177844
31177844
93000942
93001201
93001183
93166906
93001198
93001109
#ivory-coast
88122849
88049116
65045172
69134783
77179589
10188428
9170733
9156585
9134783
8122849
7045172
6156585
6020289
88225508
88158232
88119152
77199074
77134783
77122849
8158232
8156585
6045172
88188428
88182945
77170783
77158232
11179589
9158232
7134783
7020289
47170733
47158232
88197853
88170733
88031432
65158232
69158232
77189963
77188428
77119152
11158232
10170733
10158232
10045172
6158232
88170783
65020289
77170733
11188428
8020289
6119152
63158232
47119152
47020289
88189963
53182945
65119152
11119152
11020289
10119152
10020289
9020289
77031432
7119152
88020289
11170733
9119152
8119152
6031432
11031432
9031432
7031432
65031432
77020289
10031432
47031432
8031432
69031432
63031432
91031432
#jamaica
35136113
35229906
#japan
9186581
88210126
77210126
77194359
10186581
88186581
77186581
11186581
88189358
77189358
88194365
11189358
47186581
69191541
#jordan
#kazakhstan
#kenya
88188942
#korea-dpr
#korea-republic
29221467
65165890
77200588
77176389
77136553
9155355
9136265
8176403
6136686
6136601
6136553
6136363
97999914
97999917
29207542
29221475
29226652
29232065
88182152
88155355
65136553
65136306
10140057
8136553
8136306
7136553
6103133
6033730
97999909
97999904
29227790
29232831
88176403
10165889
65136601
77176403
77136686
11155355
9136553
8103133
97999908
97999906
97999902
97999900
29221383
85201528
88195912
88191655
65136686
65136265
77191566
77182152
10155355
7103133
6136285
88191910
88136553
57165930
65136285
77199183
77191910
8033730
97019580
97999913
97999916
29211927
77155355
97999912
97999910
97999907
97140053
97136600
97136594
47155355
97999905
77200104
77180283
97136299
97032743
88200104
88180283
29226380
29211005
95139500
95136454
95136445
95136391
29195912
95136743
95140057
95136606
29200104
95136299
95136594
41136594
95136600
95019580
95999910
95140053
95033730
95032743
41140053
41999910
55039943
95136285
95039943
95999921
95138161
95007489
41007489
27191208
#kuwait
#kyrgyzstan
#laos
#latvia
#lebanon
#liberia
93164000
#libya
#liechtenstein
#lithuania
#luxembourg
#madagascar
#malaysia
71000100
71000102
71000101
#mali
88188325
7157393
6005440
8157393
11012259
10157393
8012259
85157393
69012259
#malta
#mauritania
#mauritius
#mexico
35156412
35158543
35192041
47170369
88156433
69169416
77156412
77140233
11171897
10140233
9139006
8156506
8140140
8139224
7156112
7140140
6156412
6140233
35178322
47140233
88178322
69170369
77173432
77170369
77158543
11170369
10178224
10170369
10167519
9140233
8139229
8002819
6140035
35193165
35204838
63026709
88173432
88170370
88170369
88140233
65135708
77171897
11026709
9171897
8171897
8140233
8139006
7140233
7139006
35173432
47171897
88171897
88169416
77178224
10171897
10026709
8170369
35026709
35140233
35170369
65157520
65140035
65139229
65026709
11178224
6139006
35156519
35171897
63170369
47026709
9026709
7026709
47178224
88178224
65140233
65139224
65002819
8026709
35169416
6026709
69178224
35178224
#moldova
#montenegro
9192615
85180287
88204639
88192615
88181820
10181820
11181820
#montserrat
#morocco
88193738
63134906
88208670
88179605
7164435
63164435
88211381
88187702
88183108
11188935
88164435
69138334
10164435
10138334
9164435
11177509
11164435
11134906
9138334
8134906
7134906
10134906
9134906
6134906
88177509
69134906
77177509
#mozambique
88196801
#namibia
#new-caledonia
#new-zealand
88176285
#nicaragua
#niger
#nigeria
14199835
47109693
88185195
88164477
88146011
77172962
11139968
10164478
9164478
9146011
69164954
77201818
11164478
8146011
8137494
47137494
88137494
77164477
77139968
10137494
9137494
7164477
63172844
88139968
69137494
11164477
8164477
47164477
10164477
9164477
7137671
7137494
63137671
69164477
6137671
63164477
93000570
#northern-ireland
35017725
35186839
9151508
9017725
88169588
35186135
10151508
35151508
69151508
35163201
35186143
35109852
35166844
35169588
69169588
#norway
63046815
88182888
11046857
6046815
8046815
63148745
8046857
11046815
10046815
7046857
9046815
#oman
88205943
35143674
35192613
35211061
9136875
88165109
77205943
35200911
35205943
67136875
8136875
35165109
93166124
#palestinian-authority
#panama
#papua-new-guinea
#paraguay
35121193
35140222
35204226
88179752
8152922
8140256
7140256
7140222
7025798
6140256
35152922
14209097
88183249
65025798
7179752
6140222
35179752
11025798
8179752
6025798
35183249
47025798
10025798
9179752
9025798
47179752
10179752
69179752
11183177
8025798
63025798
#peru
88187132
35025420
35167305
35187132
69168580
8025420
7158133
7025420
35214692
88203299
11167305
88158133
10167305
9167305
9158133
9025420
6025420
35158133
11025420
10158133
8167305
8158133
35203299
10025420
69025420
11158133
69158133
#philippines
#poland
35148526
35176094
35186347
63148569
88205175
88165174
65105846
11188545
11164835
10138066
9164994
6105846
35105846
35162280
35174669
88186153
88164835
35165174
63164835
63106436
11186153
9105846
88173771
88164994
8105846
35186153
67105846
88190547
77186153
35177790
35185010
63101473
88197242
35173771
35205175
35164994
35177922
35190547
63105846
35164835
53190547
53197242
77188545
88188545
35197242
53188545
35188545
#portugal
63020799
14178424
14138463
47189156
47178005
47110283
47020798
47020775
88213516
88205524
88204401
88201118
88199840
88197965
88193862
88157960
65157947
67138984
67138110
67020798
69157960
69020209
77207566
77200962
77197965
77190779
77189530
77163083
77138463
10189156
10110283
9178005
9172672
9157947
9110283
8148224
8138110
6157947
6020176
47182629
47178007
47163083
47138984
47004098
88216749
88216547
88212198
88182629
88166074
88138110
88003622
65162347
10020798
67157960
67004098
69138463
77216547
77211368
77189795
77184826
77182629
77178424
77172672
77020209
11020209
10182629
10178007
10171688
10020775
10004098
9178007
9163873
9163083
9004098
8004098
6162347
35002492
47172672
88218667
88212814
88184826
88178007
88162347
67178007
67139068
67005589
69171688
77178007
77171688
77148224
11177553
11004098
10190779
10177553
10172672
10163873
9182629
9139068
8178007
8139068
7139068
35138110
35166074
47162347
47148224
88211575
88210679
88200888
88199626
88199482
88189156
88178005
88177553
88171791
88171688
88020775
88004098
77206407
77177553
77138110
11178005
11172672
11163083
11138110
11020775
10162347
10148224
8020775
7178007
7120533
35189156
35189795
35210679
35218667
63177553
47138110
47002769
88207566
88139068
88020800
10002769
67162347
67020800
77178005
11171688
11148224
10138110
8162347
8020800
7162347
7004098
6003622
35020800
35178007
35199626
35200888
47139068
47003622
65020775
65020209
69002769
77139068
77120533
77020800
11003622
10139068
10003622
9162347
9148224
9138110
7020775
6004098
35004098
47020800
53199482
77162347
11162347
11020800
10020800
9020800
9003622
8120533
35171688
35184826
35199482
35201118
35211575
65020176
67020176
11139068
11120533
10120533
9120533
8003622
7003622
35003622
35162347
35177553
35212814
47120533
88120533
67003622
69139068
35020775
35207566
35230767
53171791
65020801
65004098
67020801
67020775
6020801
35171791
63003622
67148224
69003622
9020801
7020801
63148224
63001025
47020801
65117106
65003622
10020801
8020801
35139068
35209889
63005589
69120533
11020801
35178005
63004098
65005589
67120533
67002769
88020801
69020801
77020801
35120533
63020801
53020801
35020801
93117106
91020801
93214101
93005589
93001025
#puerto-rico
#romania
#russia
88216336
88213150
88192086
88167549
88147579
88112542
69166708
77216336
77148122
77147779
77147579
77112542
77109416
11147579
10147042
8147579
7112542
7109416
88206225
88166708
88148122
10147455
77148217
77147621
11166708
10166750
10147794
10147579
10109416
9148217
9147779
9147445
8148217
35148122
88187735
88148119
88147782
88147621
67109416
77192086
77187735
77167614
11187735
11154950
11147794
11147779
11147660
11147621
10154950
10148217
10147779
10147614
9187735
9147660
8154950
8147614
8109416
35206225
88206273
88187607
88187347
88167614
67148123
67147042
69154950
77147782
11109416
10187735
10147660
9147579
9109416
8147042
7147794
35147621
35148119
67148122
9154950
9147042
35112542
35187347
35192086
67167614
69147660
77148119
11147777
10148119
9147794
8147794
7147777
35167614
35206273
67147627
11148119
9148119
8148119
67147794
67147779
67147579
67112542
7148119
67147445
10147777
67162780
67148253
67148217
69147614
9147777
8147777
35187607
67148119
69147777
67154950
67147614
67147777
#rwanda
#saudi-arabia
88168883
#scotland
69139533
69122574
10051353
10049000
8139533
8049000
7155883
6049045
69051353
69049000
8134820
6138782
9049045
8049045
7134820
11138782
9138782
7049045
63138782
11155976
10138782
63053110
69138782
55230026
#senegal
14172124
88215785
88208339
88201956
88187084
88183256
88179875
88178250
88138704
9177134
88208722
88197937
88178679
88177765
10177134
88201024
88192333
11179875
11177134
77177134
14177134
10040900
9040900
69040900
85177134
11177765
#serbia
47183556
47168650
88212125
88208574
88183376
88178111
11199434
9185103
9168650
8178372
88199434
88193198
88186524
11105454
63161781
88205362
88190544
88183556
77185103
11185103
10185103
9178372
8168650
47185103
47178372
88215466
88167514
88105454
65167515
77178372
11183556
11163297
9163297
88185103
88140601
10178372
6140601
77205362
11178372
47163297
88191202
88178372
7140601
65140601
77191202
47140601
10140601
9140601
11140601
8140601
69178372
53191202
69140601
91140601
#sierra-leone
#singapore
#slovakia
88190875
35175671
35186119
35186253
35190854
35198193
11190875
88171877
10166706
47166706
11166706
9166706
8166706
9171877
8171877
47171877
11171877
10171877
88166706
77171877
35190875
77166706
35166706
35171877
#slovenia
47176102
88139274
8162835
88192205
11162835
88200647
88195365
11200647
9176102
9162835
88200389
88162835
#somalia
#south-africa
88165247
88050327
6050327
11050327
10050327
47050327
#spain
88106213
88045119
65146758
65146536
65135697
65045119
10110652
67176993
67159171
67146758
67146748
67110652
69145047
77177604
77146741
11189690
11146953
11146482
10178085
10171318
10161754
10147006
10146970
10135742
10111022
10110026
9171318
9146759
9146513
9135742
8159171
8152729
8146748
8146562
7146758
7135697
7111093
6147007
6146970
6146536
35220253
63135861
63111093
47175379
47162123
47135742
47114764
47110341
47106213
88208777
88206545
88202493
88198329
88192789
88190584
88190286
88190264
88190223
88184120
88173521
88160310
88158144
88115909
88114764
88111093
88105803
88049369
88045186
65002264
10175379
10025924
67146970
67111093
69190286
69178085
69161754
69111022
77157481
77146760
11189513
11189509
11185020
11178085
11147006
11146760
11110341
11110026
11106231
10184120
10177610
10162123
10161956
10110341
10106231
10106213
10045186
9178750
9146758
9146741
8176993
8146970
8146758
8111093
7157481
6146758
6135697
6002264
35184120
35185132
63171579
47179591
47176993
47146562
47146439
47045186
88211688
88204525
88202477
88201153
88199715
88199354
88198141
88193469
88189575
88189574
88189560
88188005
88185132
88183666
88178750
88178625
88177644
88177604
88177600
88176993
88172316
88162131
88161956
88161754
88159172
88157481
88146760
88146758
88146748
88146536
88146460
88146439
88113422
88110677
88106573
88024630
10179591
69106231
69045186
77204525
77184432
77164876
77161754
77049369
11193080
11177610
11176993
11161754
11157481
11146741
11045186
10176993
10146562
10146439
10114764
9162131
9146562
9111093
9106213
8157481
7147007
7002264
6111093
6045186
35146439
35146758
35202493
47177610
47159171
47146758
47146748
47045119
88204963
88189513
88171579
88106231
88005479
67146536
67106573
67045186
67019896
67002264
69176993
77146758
11170770
11161956
11146758
11114764
10189511
10159171
10146758
10146748
10146741
10146536
10111093
9176993
9159171
9152729
9146536
9146439
9045186
9019896
9002264
8146536
8019896
8002264
7146536
7045186
6045119
6000041
35024630
35106573
35110677
35113422
35146460
35146748
47111093
88205069
88193747
88191740
88190149
88189509
88189505
88185020
88178088
88177610
67045119
77177600
77146536
77146439
77024630
11189511
11184120
11162131
11146748
11146562
11111093
11045119
10189505
10178088
10162131
10157481
10045119
9178088
9157481
9146748
9045119
9024630
8045186
8045119
7155862
7045119
7024630
7019896
6162895
35171579
35146536
35177610
35189513
35189509
35190149
35205069
14010535
47162131
47146741
88200454
88199561
53194911
65106573
65045186
10106573
69146741
77197781
77193080
77189511
77189505
77177610
77146562
77045197
11146536
11049369
11024630
10155862
10024630
9155862
8024630
7168542
7000041
6010535
35045197
35106231
35146760
35191740
35198141
35204963
63157481
88197781
88162895
88045197
53211688
53199715
65162895
65111093
69178088
69157481
77193747
11189505
11178088
11146439
10152729
10049369
9168542
8113422
7049369
6155862
6113422
6024630
63168542
88184432
88179844
88152729
88146954
88146562
65019896
65000041
67146562
67053014
77178088
77168542
77162895
77005479
11168542
11152729
11113422
10168542
10045197
9113422
9045197
7162895
7113422
7045197
7010535
6049369
6045197
6019896
35146954
35162895
35185020
35189505
35193747
63155862
47178088
47157481
47146536
47049369
88189332
65155862
65024630
67146741
67135697
67025924
69192679
77189332
77152729
77113422
11155862
11045197
10162895
10113422
8168542
8155862
8045197
8000041
7005479
6005479
35005479
35146562
35184432
35199561
35200454
63045186
88189511
88168542
88000041
53189513
65113422
65045197
65010535
69162895
69159171
77179844
11162895
8005479
35178088
35179844
35197781
35201153
63146741
47189505
47106573
47024630
88193080
88155862
53146562
65005479
67157481
67155862
67024630
69189505
69113422
77155862
77000041
11005479
10005479
10000041
9162895
9049369
9010535
9005479
9000041
8049369
8010535
35152729
63106573
63000041
47189511
47162895
53152729
53155862
53184432
69189511
69155862
69152729
69146758
77010535
10010535
8162895
35155862
35168542
35189511
35193080
63113422
47168542
47155862
47152729
47045197
53162895
53179844
53193080
65049369
67168542
67113422
67045197
69045197
69005479
11010535
11000041
35189332
63162895
63045197
63024630
63005479
47113422
91155862
91152729
91113422
91045197
35000041
67162895
67049369
67005479
67000041
69000041
91049369
47005479
47000041
67010535
69010535
91010535
91005479
91000041
27045661
93191695
31045661
93161840
#st-kitts-nevis
#st-lucia
#sudan
#suriname
#sweden
35031831
35158932
35164459
35184472
88144429
88045842
67046175
10164459
10020551
9176733
9002155
8046175
63041236
88176733
11164459
11002155
35189207
88176731
88167599
88156713
65049886
67002155
9031831
8002155
35020551
35167599
35176733
67031831
69031831
11031831
10031831
8031831
35176731
65046175
65020551
65002155
67052241
7031831
7002155
6041236
6031831
6020551
65144440
35156713
7041236
65041236
10041236
65031831
65020096
65006975
67041236
9041236
8041236
77041236
11041236
63031831
65052241
63006975
88041236
53041236
69041236
35041236
91041236
93052241
93006975
#switzerland
35138699
35179972
47162893
88210047
88199383
88198504
88193408
88188770
88183187
88158905
69108658
77193352
77183187
77161805
77138699
77052752
9161805
7052752
47179972
47052752
67161805
67115533
67052752
69162893
69001983
77158905
11179972
11115533
11052752
10179972
10052752
9052752
8161805
8115533
8052752
7161805
6049966
35158905
35162893
35198504
63108080
88177019
88158810
77158810
77115533
11158810
9115533
6161805
35161805
35222357
47115533
88193348
88189117
88115533
65115533
67158810
77193348
10115533
9158810
8158810
35177019
35188770
35189117
88199503
65162893
77108080
35158810
88193352
65138699
65108658
65052846
65052752
65049966
65001983
35115533
88177683
88108080
65161805
65032420
35108080
35177683
35199503
53193352
35193348
35193352
35210047
#syria
#são-tomé-and-príncipe
#tajikistan
#tanzania
#thailand
45234695
45234699
45173736
45193778
45198415
45234697
45192410
45204376
45234696
45234698
45193765
51999602
51999601
51999600
#timor-leste
#togo
7053050
6053050
88053050
11053050
10053050
65053050
9053050
8053050
#trinidad-and-tobago
10158525
8158525
47053436
9158525
11158525
55000036
#tunisia
14177022
88194845
88198076
#turkey
35189930
63124949
14144306
88192565
88189595
69107647
11143632
10143283
9143283
7143632
35125167
35143699
88124635
88124375
69143283
69124635
10176481
9107647
6143283
6107651
35188524
35189595
35192565
35223154
88208128
88196934
88186953
88143632
88124607
67143745
67143632
11124607
10143632
9170797
9143632
8143745
8143632
8107647
35124635
35208128
88191032
88185239
88170797
9143745
35124375
35170797
35185239
63107647
10170797
6143632
35124607
35143632
35186953
35196934
63143632
67143657
67143306
11143745
10143745
35191032
67166114
77143745
11170797
88143745
67126003
67124635
67166093
67144280
67143283
35143745
67000080
67143693
67107647
67143646
#uganda
#ukraine
35188058
35206413
88206413
88162508
9176483
9142902
6121622
88232226
88195861
11146797
7121622
35162508
88142902
10121622
35195861
69121622
35232226
88200641
65142902
35142902
9121622
8121622
35200641
65121622
63013128
65013128
93013128
#united-states
35202428
35215565
47112847
65039386
65016254
65011983
77155887
77112847
9112847
7016254
6039386
6016254
6011983
35112847
47155897
88177159
35186672
35191173
14007743
88155887
77007743
10155897
8011983
8007743
7011983
35204082
47016254
88155897
88016254
77164505
77155897
11155897
11016254
10016254
9007743
7007743
35212722
77016254
11011983
10011983
9016254
9011983
8016254
11007743
10007743
35212478
35164505
69112847
35016254
35177159
35155887
35155897
#uruguay
14049072
47182862
47182495
47176586
47172098
88216666
88213114
88205510
88201508
88174379
10188484
9182495
8170664
6138993
6048826
35170664
35182860
35182859
35213114
47174379
88197225
69182862
77174379
77170664
77049072
11182495
11182494
11174379
11170664
10182495
8182859
35174379
35216666
47182859
47170664
88216460
88182862
77201508
10179813
10174379
10170664
10138445
9182859
9170664
9138445
8182495
8138445
7138445
35182862
35188484
35201508
47182493
88182495
77182495
11182493
11138445
10182493
35197225
88182494
7049072
77182494
11049072
10176580
9176580
8049072
6049072
35182495
35216460
47179813
11176580
9049072
35182494
69176580
35205510
88179813
77182493
11179813
10049072
77179813
35179813
88182493
77176580
35182493
47176580
88176580
53176580
35176580
#uzbekistan
#venezuela
35175462
35182896
35196884
35207876
9156776
6156776
35183819
35191053
35196874
14209132
88189250
8156776
35207877
35189250
#vietnam
61999502
61999501
61999500
#wales
35179746
8173731
7173731
35019292
69186561
11186561
10019292
10173731
88184716
88163824
35165190
35173752
35184480
88186561
35170084
35173735
77186561
11173731
35205923
35186130
77173731
35163824
35184716
88173731
69173731
35186561
35173731
49000241
#zambia
#zimbabwe