#albania
35189296
35203458
88210864
6134956
35229167
88134956
35182713
9134956
35134956
35210864
8134956
7134956
35201220
#algeria
88201454
88217699
88201143
88184881
77184881
88184267
88204485
#angola
#antigua-and-barbuda
#argentina
35183966
47184144
47183900
47173373
47153061
47143587
47142822
47140276
47138810
47123629
88215079
88214997
88212616
88212541
88205408
88204555
88201095
88199151
88191488
88188988
88188791
88179847
88176919
88176376
88173030
88172114
88165536
88152916
88142781
88142750
88142721
88139062
88138810
88138806
88048745
65142784
65142603
69188791
69173300
69155896
77176915
77158963
77142775
11198347
10184144
10183900
10173373
10142822
10142784
10138810
10138787
9183898
9173373
9158089
9142784
9142780
9123629
9123603
8178562
8167435
8158089
8157412
8153177
8146695
8142784
8140276
8140274
8123629
8052797
7167666
7167435
7146695
7142784
7138787
7104047
6156375
6143001
6142603
6134979
6048745
63142781
47173306
47165501
47143068
47142784
47140274
47134979
88215051
88214968
88201988
88186405
88183893
88179696
88167669
88165501
88143076
88138123
88134979
65156506
65143102
65142780
65142708
65134979
69184144
69138810
77165517
77110381
11204555
11190972
11188791
11183900
11142822
11140276
11048745
10183899
10173306
10165517
10165501
10152999
10140274
10138806
10134979
10123603
10110381
10052797
9172114
9165517
9014907
8177981
8167666
8123603
7158963
7143102
7140274
7110381
7048745
6156506
6155896
6146695
6143102
6142784
6142780
6142708
6138787
6104047
35214977
88138703
47171828
47170481
47165517
47152999
47138806
88215199
88207441
88196432
88190972
88183900
88183899
88183895
88176915
88173306
88142708
10142773
65155896
69165501
69140276
69139038
77204555
77196432
77173306
77134979
77048745
11123603
11001803
10170481
10153177
10139038
9152999
9140274
9138787
8155896
8152999
8142603
8048745
7165517
7140276
35183895
35215054
47191180
47153177
47123603
47110381
88215316
88193061
88178562
88152999
88142780
10138703
65153079
69173306
69165517
69134979
77178562
11184144
11183899
11178562
11173306
11153177
11152999
11142708
10183898
9170481
9167664
9052797
9001803
8170481
8165517
8159065
8142708
8001803
7134979
6153079
6142754
35138703
35142708
35183900
63158963
63143121
47183898
47142750
47001803
88186547
88158963
10142750
53183900
65140276
69170481
77170481
77170368
77167664
77152999
77123603
10191180
10001803
9134979
8143068
8110381
7142708
7001803
6140276
35142780
35152999
35173306
35183892
35183899
35193061
63179696
63165517
47178562
47159065
88201862
88191180
88184144
88170481
65152999
69178562
69001803
77142784
11191180
10178562
10159065
9159065
9110381
8138787
8023461
7153079
7138123
6138123
35186547
35215316
63165526
47138123
88192366
88159065
88142784
53211110
65167435
65146695
65048745
77159065
77142754
11183898
11167664
11159065
11138123
10167664
10138123
9153177
9143001
8134979
7142754
7023461
35199667
63134979
88211110
88142754
10142707
65001803
69183898
11142754
11023461
10153079
10143001
10023461
9153079
9023461
8153079
7143001
6023461
35143001
35142784
35158963
35159065
35170481
35184144
35191180
47153079
47142708
47023461
88201399
88170368
88143001
65023461
69167664
77183898
10142754
10142708
9142708
9138123
8138123
6158023
35176915
35201399
63023461
47143001
88183898
53191180
65143001
65138123
69142708
69023461
77153079
9142754
8143001
8142754
35178562
63142754
63138123
47142754
69138123
77201862
11153079
11143001
7158023
35201862
88167664
88153079
53142780
53192366
53201399
65158023
65142754
35170368
35183898
35211110
47158023
53143001
65110381
65010959
69142754
8158023
35173373
35192366
63158023
53153079
10158023
9158023
35142754
35167664
65007512
11158023
35153079
88158023
91183898
47167664
31007518
77158023
33007518
35158023
53158023
93007512
69158023
27007518
91158023
#armenia
88192883
#aruba
#australia
77051412
8051813
85051412
88199005
10051412
9155964
9050816
8051412
7051412
47000684
11051412
10000684
9051412
9000684
8155964
7051813
11000684
6051813
6000684
65176992
65050816
65047996
65150508
65034373
65051412
65000684
#austria
35177578
63152211
88209997
6001611
35161857
88189060
88173474
35177666
88184200
35189606
88001611
35163810
35173474
35184200
35189060
35001611
35139313
35138384
53173474
88197445
77197445
35197445
#azerbaijan
#bahrain
#barbados
#belarus
#belgium
88192537
88053630
69172871
77163492
11192505
10163492
8139720
35053630
88208418
88208330
88203486
88176944
88176009
88173426
88170815
88163492
77170815
11176944
11163492
9162240
7017605
35170815
35176009
63170815
63047201
88200529
88157304
77200529
77172871
77157304
11172871
10170815
9170815
9139720
7139720
6139720
88204529
88184111
88177413
88172175
77177413
77175943
77172175
77162240
11175943
10183277
10176944
10139720
9176944
9157304
8017605
35162240
35203486
35208330
63139720
88162240
77192985
77184111
77176944
35163492
35172175
35173426
35184111
35200529
35202371
35204529
35208418
35213135
63172175
88184087
88178518
69157304
77173426
11157304
10157304
63017605
88192505
88175943
88172871
88139720
11139720
77192119
11183277
35176944
88183277
77192505
35157304
35175943
35192505
88192119
53178518
35177413
35178518
35184087
88192985
77183277
77139720
35139720
35172871
35192119
53192985
35183277
53183277
35192985
#belize
#benin
88163699
11163699
10163699
9163699
#bermuda
#bolivia
#bosnia-herzegovina
85157430
88188427
88141200
77157430
85102359
77188427
77141200
10180206
9162369
88180930
69180206
77162369
11180206
88172723
77172723
10102359
11180930
9180930
88180206
77180206
10180930
77180930
#brazil
85192305
85191625
88137809
14185000
14180695
14028130
47190782
47189681
47187323
47186556
47176894
47176266
47158625
47152855
88216466
88209297
88205340
88202642
88200145
88199914
88194135
88190756
88190024
88189681
88184949
88182002
88175847
65171919
65168607
65146530
65140140
65135455
65049370
10152855
69189680
77202642
77187323
77168607
11180714
11164082
11135507
10189681
10164082
10156272
10020556
9178264
9176676
9152840
9135451
9000768
8135073
8000768
7135455
6171919
6168607
6164082
6148711
6140140
6053405
6049370
35180714
35209499
63171919
47188177
47184943
47168609
47149231
47053405
47020556
88223517
88209499
88205976
88205525
88201305
88187324
88184134
88180714
88177573
88173228
88168607
88166072
88139094
88135455
65149568
69190782
69189681
69189242
69164082
69020556
77135455
77053405
11053405
10190871
10188177
10176266
10167963
10149231
10135475
10053405
9184943
9179944
9176266
9168609
9164240
9153260
9137171
8168607
8164169
8153260
8152840
8148711
8137171
8053405
8049370
7149568
6135455
6048717
85188044
88215792
88210342
63176676
63169126
63120533
14187961
47184134
47180432
47165580
88212831
88203627
88201995
88201400
88194404
88193525
88191687
88189169
88188086
88187754
88180826
88180716
88176266
88167959
88164082
88153260
88136138
88136130
88135475
88053405
10137809
65152855
69188177
69156272
69149231
69053405
77207865
11188177
11184943
11171919
11168444
11167963
11135475
11135466
11135451
11020556
10184943
10180432
10176676
10165580
9184134
9176927
9165580
9156272
9149231
9053405
9049370
8184943
8156272
8149231
8136130
7168607
6149568
35201305
85204943
85192598
47190871
47179944
47176676
47171919
47149568
47136130
47049370
88213374
88212523
88212462
88210282
88207865
88199304
88188803
88181019
88180432
88168530
88158625
88148711
65153260
65135451
10146692
69049370
77205525
77176266
77028130
11185000
11165580
11164169
10179944
10171919
10163979
10049370
9181392
9180432
9168607
9167963
9148711
9139094
9136130
8185000
8176266
8171919
8165580
7153260
7148711
7136130
7048717
6135451
35158625
35168530
35180432
35201400
85138456
85136144
88157271
63053405
47176927
47168607
47164169
47148711
47139094
47135451
88200949
88188081
88184943
88172610
88165580
88135507
88048717
53201995
69171919
77187961
77168609
77048717
11181392
11179944
11176676
10181392
10164169
10148711
10139094
10136130
10135451
9189362
9171919
9164169
9135475
8180432
8135451
7171919
7135451
6153260
35172610
35200949
85192064
88180175
63135423
47189362
47181392
88189362
88188152
88185221
88176769
88146530
88138449
10180175
65136138
65136130
69184943
69181392
69179944
69176927
69148711
69136130
69135451
77200949
77185221
77180432
11200949
11180432
11176927
11139094
11136130
11048717
10189362
10176927
10164240
8167963
8139094
8135455
7167963
7139094
6139094
6136138
6136130
35048717
35157271
35148711
35144622
35199304
85187961
63149231
63049370
47136138
88201942
88171919
88144622
69121591
77180403
77179944
77164169
11136138
11135455
11028130
10136138
9149568
35165580
35171919
35207865
63136130
47048717
88191043
88168609
69167963
69048717
77189362
77184943
11190871
11189362
10146530
10048717
8149568
35138449
88190483
88189242
88179944
88164169
65148711
65048717
69176676
69164240
77135507
11164240
10135455
10028130
9146530
9135455
8146530
8048717
7146530
35176769
35185221
35191043