77177604
77146741
11189690
11146953
11146482
10178085
10171318
10161754
10147006
10146970
10135742
10111022
10110026
9171318
9146759
9146513
9135742
8159171
8152729
8146748
8146562
7146758
7135697
7111093
6147007
6146970
6146536
35220253
63135861
63111093
47175379
47162123
47135742
47114764
47110341
47106213
88208777
88206545
88202493
88198329
88192789
88190584
88190286
88190264
88190223
88184120
88173521
88160310
88158144
88115909
88114764
88111093
88105803
88049369
88045186
65002264
10175379
10025924
67146970
67111093
69190286
69178085
69161754
69111022
77157481
77146760
11189513
11189509
11185020
11178085
11147006
11146760
11110341
11110026
11106231
10184120
10177610
10162123
10161956
10110341
10106231
10106213
10045186
9178750
9146758
9146741
8176993
8146970
8146758
8111093
7157481
6146758
6135697
6002264
35184120
35185132
63171579
47179591
47176993
47146562
47146439
47045186
88211688
88204525
88202477
88201153
88199715
88199354
88198141
88193469
88189575
88189574
88189560
88188005
88185132
88183666
88178750
88178625
88177644
88177604
88177600
88176993
88172316
88162131
88161956
88161754
88159172
88157481
88146760
88146758
88146748
88146536
88146460
88146439
88113422
88110677
88106573
88024630
10179591
69106231
69045186
77204525
77184432
77164876
77161754
77049369
11193080
11177610
11176993
11161754
11157481
11146741
11045186
10176993
10146562
10146439
10114764
9162131
9146562
9111093
9106213
8157481
7147007
7002264
6111093
6045186
35146439
35146758
35202493
47177610
47159171
47146758
47146748
47045119
88204963
88189513
88171579
88106231
88005479
67146536
67106573
67045186
67019896
67002264
69176993
77146758
11170770
11161956
11146758
11114764
10189511
10159171
10146758
10146748
10146741
10146536
10111093
9176993
9159171
9152729
9146536
9146439
9045186
9019896
9002264
8146536
8019896
8002264
7146536
7045186
6045119
6000041
35024630
35106573
35110677
35113422
35146460
35146748
47111093
88205069
88193747
88191740
88190149
88189509
88189505
88185020
88178088
88177610
67045119
77177600
77146536
77146439
77024630
11189511
11184120
11162131
11146748
11146562
11111093
11045119
10189505
10178088
10162131
10157481
10045119
9178088
9157481
9146748
9045119
9024630
8045186
8045119
7155862
7045119
7024630
7019896
6162895
35171579
35146536
35177610
35189513
35189509
35190149
35205069
14010535
47162131
47146741
88200454
88199561
53194911
65106573
65045186
10106573
69146741
77197781
77193080
77189511
77189505
77177610
77146562
77045197
11146536
11049369
11024630
10155862
10024630
9155862
8024630
7168542
7000041
6010535
35045197
35106231
35146760
35191740
35198141
35204963
63157481
88197781
88162895
88045197
53211688
53199715
65162895
65111093
69178088
69157481
77193747
11189505
11178088
11146439
10152729
10049369
9168542
8113422
7049369
6155862
6113422
6024630
63168542
88184432
88179844
88152729
88146954
88146562
65019896
65000041
67146562
67053014
77178088
77168542
77162895
77005479
11168542
11152729
11113422
10168542
10045197
9113422
9045197
7162895
7113422
7045197
7010535
6049369
6045197
6019896
35146954
35162895
35185020
35189505
35193747
63155862
47178088
47157481
47146536
47049369
88189332
65155862
65024630
67146741
67135697
67025924
69192679
77189332
77152729
77113422
11155862
11045197
10162895
10113422
8168542
8155862
8045197
8000041
7005479
6005479
35005479
35146562
35184432
35199561
35200454
63045186
88189511
88168542
88000041
53189513
65113422
65045197
65010535
69162895
69159171
77179844
11162895
8005479
35178088
35179844
35197781
35201153
63146741
47189505
47106573
47024630
88193080
88155862
53146562
65005479
67157481
67155862
67024630
69189505
69113422
77155862
77000041
11005479
10005479
10000041
9162895
9049369
9010535
9005479
9000041
8049369
8010535
35152729
63106573
63000041
47189511
47162895
53152729
53155862
53184432
69189511
69155862
69152729
69146758
77010535
10010535
8162895
35155862
35168542
35189511
35193080
63113422
47168542
47155862
47152729
47045197
53162895
53179844
53193080
65049369
67168542
67113422
67045197
69045197
69005479
11010535
11000041
35189332
63162895
63045197
63024630
63005479
47113422
91155862
91152729
91113422
91045197
35000041
67162895
67049369
67005479
67000041
69000041
91049369
47005479
47000041
67010535
69010535
91010535
91005479
91000041
27045661
93191695
31045661
93161840
#st-kitts-nevis
#st-lucia
#sudan
#suriname
#sweden
35031831
35158932
35164459
35184472
88144429
88045842
67046175
10164459
10020551
9176733
9002155
8046175
63041236
88176733
11164459
11002155
35189207
88176731
88167599
88156713
65049886
67002155
9031831
8002155
35020551
35167599
35176733
67031831
69031831
11031831
10031831
8031831
35176731
65046175
65020551
65002155
67052241
7031831
7002155
6041236
6031831
6020551
65144440
35156713
7041236
65041236
10041236
65031831
65020096
65006975
67041236
9041236
8041236
77041236
11041236
63031831
65052241
63006975
88041236
53041236
69041236
35041236
91041236
93052241
93006975
#switzerland
35138699
35179972
47162893
88210047
88199383
88198504
88193408
88188770
88183187
88158905
69108658
77193352
77183187
77161805
77138699
77052752
9161805
7052752
47179972
47052752
67161805
67115533
67052752
69162893
69001983
77158905
11179972
11115533
11052752
10179972
10052752
9052752
8161805
8115533
8052752
7161805
6049966
35158905
35162893
35198504
63108080
88177019
88158810
77158810
77115533
11158810
9115533
6161805
35161805
35222357
47115533
88193348
88189117
88115533
65115533
67158810
77193348
10115533
9158810
8158810
35177019
35188770
35189117
88199503
65162893
77108080
35158810
88193352
65138699
65108658
65052846
65052752
65049966
65001983
35115533
88177683
88108080
65161805
65032420
35108080
35177683
35199503
53193352
35193348
35193352
35210047
#syria
#são-tomé-and-príncipe
#tajikistan
#tanzania
#thailand
45234695
45234699
45173736
45193778
45198415
45234697
45192410
45204376
45234696
45234698
45193765
51999602
51999601
51999600
#timor-leste
#togo
7053050
6053050
88053050
11053050
10053050
65053050
9053050
8053050
#trinidad-and-tobago
10158525
8158525
47053436
9158525
11158525
55000036
#tunisia
14177022
88194845
88198076
#turkey
35189930
63124949
14144306
88192565
88189595
69107647
11143632
10143283
9143283
7143632
35125167
35143699
88124635
88124375
69143283
69124635
10176481
9107647
6143283
6107651
35188524
35189595
35192565
35223154
88208128
88196934
88186953
88143632
88124607
67143745
67143632
11124607
10143632
9170797
9143632
8143745
8143632
8107647
35124635
35208128
88191032
88185239
88170797
9143745
35124375
35170797
35185239
63107647
10170797
6143632
35124607
35143632
35186953
35196934
63143632
67143657
67143306
11143745
10143745
35191032
67166114
77143745
11170797
88143745
67126003
67124635
67166093
67144280
67143283
35143745
67000080
67143693
67107647
67143646
#uganda
#ukraine
35188058
35206413
88206413
88162508
9176483
9142902
6121622
88232226
88195861
11146797
7121622
35162508
88142902
10121622
35195861
69121622
35232226
88200641
65142902
35142902
9121622
8121622
35200641
65121622
63013128
65013128
93013128
#united-states
35202428
35215565
47112847
65039386
65016254
65011983
77155887
77112847
9112847
7016254
6039386
6016254
6011983
35112847
47155897
88177159
35186672
35191173
14007743
88155887
77007743
10155897
8011983
8007743
7011983
35204082
47016254
88155897
88016254
77164505
77155897
11155897
11016254
10016254
9007743
7007743
35212722
77016254
11011983
10011983
9016254
9011983
8016254
11007743
10007743
35212478
35164505
69112847
35016254
35177159
35155887
35155897
#uruguay
14049072
47182862
47182495
47176586
47172098
88216666
88213114
88205510
88201508
88174379
10188484
9182495
8170664
6138993
6048826
35170664
35182860
35182859
35213114
47174379
88197225
69182862
77174379
77170664
77049072
11182495
11182494
11174379
11170664
10182495
8182859
35174379
35216666
47182859
47170664
88216460
88182862
77201508
10179813
10174379
10170664
10138445
9182859
9170664
9138445
8182495
8138445
7138445
35182862
35188484
35201508
47182493
88182495
77182495
11182493
11138445
10182493
35197225
88182494
7049072
77182494
11049072
10176580
9176580
8049072
6049072
35182495
35216460
47179813
11176580
9049072
35182494
69176580
35205510
88179813
77182493
11179813
10049072
77179813
35179813
88182493
77176580
35182493
47176580
88176580
53176580
35176580
#uzbekistan
#venezuela
35175462
35182896
35196884
35207876
9156776
6156776
35183819
35191053
35196874
14209132
88189250
8156776
35207877
35189250
#vietnam
61999502
61999501
61999500
#wales
35179746
8173731
7173731
35019292
69186561
11186561
10019292
10173731
88184716
88163824
35165190
35173752
35184480
88186561
35170084
35173735
77186561
11173731
35205923
35186130
77173731
35163824
35184716
88173731
69173731
35186561
35173731
49000241
#zambia
#zimbabwe