65150516
65121944
65053612
77192318
77167495
47176635
88167495
65121939
65000805
67150516
67121939
69176635
77178603
77121939
35167495
35183907
47167495
47121939
53182521
67011141
35176635
35182521
63121939
47121944
53167495
91182521
91167495
77189596
35189596
47189596
47011141
93000805
69150418
91121939
33003647
65011141
93215558
31003647
93166120
93215732
27234397
31000488
27003647
27000488
93168473
93191189
#ghana
11123621
10173909
10123621
47123621
88209620
88173909
69173909
69123621
88186832
88176571
77186832
77176571
77045674
9123621
77173909
11176571
11173909
8123621
69176571
65123621
11045674
10045674
47045674
9045674
7045674
69045674
6045674
65045674
8045674
63045674
#gibraltar
#greece
47183483
88182744
67150189
10150309
9181459
7150309
88184477
88183497
88183483
67150309
77184477
9150309
8150309
6150309
63100496
47181459
88208230
77183483
11181459
10181459
77172879
88172879
88192774
69172879
#grenada
#guam
#guatemala
#guinea
#guinea-bissau
#guyana
#haiti
#holland
47178416
47137109
88208004
88205402
88199422
88195363
88188155
88148839
88045574
88015723
67158372
67136764
67009771
69168584
77199767
77199422
77192362
77186351
77177569
77172049
77169181
77137109
10137677
9172049
9137109
9049425
8158372
8136764
7136764
7053578
6053578
63148803
88205995
88199550
88190778
88183937
88170597
88169181
69183937
77200223
77199987
77189805
77168585
77158372
77002147
11178416
10007814
8049425
7007814
88168585
63169181
14168585
47172049
88211176
88203483
88189805
88189068
88181291
88178416
88053578
65053578
67157301
67053578
77186452
77181291
77170597
11015723
10172049
10158372
10053578
10049425
9053578
8053578
8007814
6015723
63007826
63005680
47158372
88208808
88203376
88199987
88189712
88137677
65005680
77178416
77137677
11172049
11148803
11137677
10148803
10015723
9007814
7148803
47051539
88190815
88139869
88007826
65007814
77148803
77053578
11158372
11053578
10002147
9158372
63168584
47010264
88202556
88148803
65136764
77189712
77139869
77045574
9148803
9139869
9045574
9015723
8148803
8015723
7139869
7015723
7007826
65015723
69002147
10045574
10007826
9009014
9007826
8009014
8007826
7009014
6007826
63139869
88198176
67007814
69045574
69007826
11139869
11045574
11002147
7045574
6045574
65045574
65009014
65007826
67045574
67009014
69009014
77198176
77007826
11007826
10139869
10009014
8139869
8045574
6009014
63053578
63002147
53148839
67049425
67015723
63009014
88009014
69148803
69139869
65051539
67148803
67139869
67051539
67007826
11009014
47148803
47053578
47049425
47045574
47007826
65010264
63045574
77009014
47139869
47015723
53009014
67010264
91139869
63010264
47002147
63051539
63015723
47009014
33005740
91009014
93177845
93005680
93051539
31005740
93004000
27005740
93214100
93010264
93214098
93192181
#honduras
69175105
#hungary
35231493
88182879
35179712
35201746
10182879
35186648
11182879
35184789
35182879
#iceland
35195586
35133249
35191076
35212992
35166851
35189167
35206379
88184484
35169448
35179897
35184255
35184484
#india
#indonesia
#iran
#iraq
#ireland-republic
35003484
35163303
35169697
11051287
10051287
9053384
7004111
35155885
10155885
10003484
9155885
9003484
8051287
8004111
8003484
7149667
6003484
6000330
35201884
69155885
10004111
10000330
8155885
6149667
35138436
88188253
88000330
11155885
10170570
9170570
7002651
7000330
35149791
35188253
69000330
11002651
10002651
9002651
8002651
6002651
88180216
69169590
69003484
6051287
35000330
9000330
8000330
35180216
63003484
55053019
93000240
#israel
88164878
88198648
6141001
#italy
47178490
47149064
47137410
47137380
47103936
47049026
47045605
47045462
47007647
47007584
47004832
47001178
88216065
88205498
88202135
88201046
88199845
88192073
88186961
88182168
88178535
88177528
88173204
88172835
88170320
88168312
88165526
88149185
88140293
88051100
88046736
88023015
88005213
65163402
65051720
65045605
65004667
67182177
67178535
67178490
67173146
67149064
67137199
67123610
67113278
67113176
67105474
67103496
67052941
67051100
67049617
67034824
67010863
67007656
67007647
67004832
69168326
69045605
77184392
77154634
77149184
11049031
11034824
10007584
10001219
9159284
9105474
9103936
9034824
9001539
8182177
8178535
8178490
8173146
8137199
8113176
8105474
8052941
8051100
8049617
8034824
8010863
8007656
8007647
8004832
8004667
7163402
7138956
7123610
7052941
7051720
7004667
7001099
6149147
6142359
6138956
6137199
6137133
6120274
6000164
35212404
47184431
47184344
47173208
47173146
47169386
47168435
47159261
47139668
47137186
47103935
47052941
47045595
47001219
88205407
88202685
88198683
88197083
88190813
88168354
88162409
88159261
88120274
88103935
88004667
65051100
65045595
67186627
67159284
67149572
67149073
67049633
67001219
67000942
69137427
69007584
77198219
77198009
77193338
77192841
77182168
77173208
77168312
11178393
11149571
11139668
11103936
11005213
11001178
10182168
10173208
10168435
10159284
10149184
10139668
10137186
10113176
10103936
10103935
10001099
9178490
9173210
9173208
9162145
9137199
9103496
9051720
8159284
8149572
8123610
8001219
7137460
7137186
7045595
7010863
7007631
7001210
6163402
6123610
6051720
6045605
6004667
35202685
63137854
63046736
47173210
47149184
47137460
47023015
47005213
88207471
88203551
88192387
88186627
88183855
88178393
88173208
88173198
88163489
88163407
88159287
65010863
67149184
67137186
67122361
67001183
67001109
69189484
69045595
77206058
77199556
77185174
77184344
77183855
77183498
77173198
77168354
77137361
11182168
11178535
11168435
11168354
11159261
11149184
11137854
11123576
10169386
10159261
10103496
10005213
9149184
9052829
9045595
9007584
9001099
8149184
8137186
8123576
6053302
6045595
6007631
35159287
35183855
35202135
47186627
88210935
88198009
88184431
88184392
88183498
88139668
88007631
88001238
67184431
67162409
67137460
67137361
67045595
67005879
77190813
77184431
77178535
77103935
11186627
11177528
11173210
11173208
11113176
11051100
11049370
11001099
10186627
10173210
10149568
9186627
9139668
9137460
9137186
9001219
8186627
8184431
8162409
8159261
8137460
8137361
8045595
7053302
7049617
7001219
6137186
6049617
35001238
35163407
35178393
35184431
63162297
63045595
47162409
47159287
47123576
47052829
47005879
88178311
88049370
88007763
65053302
65000942
10005879
67052829
69001219
77192387
77186627
77173221
77165526
77162409
77139668
11159287
11103935
11103496
11053302
11004667
11001219
10162409
10159287
10123576
9169386
9137361
9123576
9103935
9005213
8052829
35210935
47137361
47053302
88199556
88198219
88189125
88173221
88168435
88164376
88137186
53193361
65137160
65001109
67137160
67004667
67001238
67001198
77178393
77159287
77049370
77007631
11137361
11007763
11007631
11001179
10137361
10053302
9184431
9159287
9159261
8103935
35007631
35049370
35139668
35182168
35190813
35192387
35192841
35198009
63103935
63045462
88053302
65049617
65001219
67159287
69053302
77173210
77168435
77137186
11138956
9162409
9053302
9023015
8159287
8005213
6001219
35178311
35189125
35203551
63045605
47138956
47001238
47001179
53211320
53198009
53198683
65137186
67159261
67005213
77007763
77001179
11162409
10138956
10007763
10007631
10001238
10001179
8120274
8053302
35053302
35168435
35173221
35184392
35198219
35199556
35206058
63123576
63051720
47120274
47007763
88184344
88173210
88138956
88001179
53203551
67123576
10120274
9138956
8138956
8007631
35007763
35137186
35183498
67120274
69123576
69001238
11120274
11001238
9120274
7023015
7007763
35164376
35173210
47007631
53023015
65005879
67103935
69007763
77138956
9007763
9001238
9001179
8023015
8007763
8001179
6023015
6007763
53184344
53199556
67138956
67053302
77053302
9007631
8001238
7001238
35184344
63053302
63005879
53001179
53138956
65007763
67023015
67007763
7001179
35138956
63007763
63001183
63001109
65001198
6001238
6001179
35001179
63001198
65023015
67001179
91007763
65001238
63001238
65001183
65001179
91001179
27177844
31177844
93000942
93001201
93001183
93166906
93001198
93001109
#ivory-coast
88122849
88049116
65045172
69134783
77179589
10188428
9170733
9156585
9134783
8122849
7045172
6156585
6020289
88225508
88158232
88119152
77199074
77134783
77122849
8158232
8156585
6045172
88188428
88182945
77170783
77158232
11179589
9158232
7134783
7020289
47170733
47158232
88197853
88170733
88031432
65158232
69158232
77189963
77188428
77119152
11158232
10170733
10158232
10045172
6158232
88170783
65020289
77170733
11188428
8020289
6119152
63158232
47119152
47020289
88189963
53182945
65119152
11119152
11020289
10119152
10020289
9020289
77031432
7119152
88020289
11170733
9119152
8119152
6031432
11031432
9031432
7031432
65031432
77020289
10031432
47031432
8031432
69031432
63031432
91031432
#jamaica
35136113
35229906
#japan
9186581
88210126
77210126
77194359
10186581
88186581
77186581
11186581
88189358
77189358
88194365
11189358
47186581
69191541
#jordan
#kazakhstan
#kenya
88188942