9013732
8034079
8006826
7005471
6005471
35021146
35053914
35138412
35186146
35190456
35205988
63163155
63003395
47013732
88183711
53169705
65054050
69152747
69005471
77164468
77054050
10005471
9054050
9007289
9005471
7007289
6054050
6021146
35163631
35171833
35180819
35199189
35202335
53190456
65013914
65007289
77171833
77013743
11054050
9013743
8005471
7054050
7013743
7013732
6013743
6013732
6007289
35164468
47005471
88202126
53183711
65034079
65000388
65000027
69051257
69021146
10054050
8054050
8007289
35054050
35183711
63054050
63021146
63000244
47054050
53202126
65021146
65013743
65005471
69034079
69013732
8013732
35150724
35202126
35202652
35208830
63034079
63013732
63005471
63000027
65013732
65005419
69007289
8013743
35189881
53013732
69054050
49000249
49000245
91054050
91005471
63051257
63013743
49000244
93000001
49000246
55000239
91007289
93000195
93000393
91013743
93000244
91013732
55230024
93214267
93000388
93005419
27000246
93000051
93190044
55230025
#equatorial-guinea
#estonia
88140620
#ethiopia
#fyr-macedonia
10137506
8137506
69137506
9137506
#faroe-islands
#fiji
#finland
11007939
9007939
6007939
88156142
#france
65156726
65116494
65051105
65026992
65012666
67177326
67161999
67150656
67051123
67049488
67041734
67041674
69112316
77201455
77200458
77177388
77167628
77163705
77159145
77153244
77150590
77052091
11194765
11192722
11188696
11183870
11167628
11163423
11153244
11134779
10176600
10164978
10041725
9181455
9179527
9163423
9159145
9134779
9116308
9112316
9051934
9041674
9026992
9007784
8177326
8161700
8150656
8134779
8051934
8051123
8049488
8041734
8041674
8026992
8018122
7161700
7150656
7051934
7049488
7041674
7026992
7018122
7007784
6177643
6156726
6116494
6004353
35150590
63161646
63150656
47183280
47181455
47179527
47177635
47177326
47167943
47164978
47163423
47161648
47159145
47156722
47156432
47134779
47041874
47041725
47001419
88199451
88198118
88193105
88192722
88188654
88187924
88187052
88184312
88182212
88163418
88159145
65152554
65150656
65135859
65107298
65052126
65018919
65007784
67052126
69184881
69138670
77190531
77187924
77183285
77179527
77178213
77165239
77150656
11164978
10183280
10179527
10167943
10163423
10161648
10156722
10041734
10041635
10007784
9183280
9167943
9161648
9156722
9051123
9041725
8161648
8107298
8052126
7165153
7052126
7045062
7041874
7018919
6161700
6152554
6051105
6026992
6018919
6007784
88153296
63152554
63005594
47160766
47137114
47051123
47041635
88205600
88201533
88193476
88189271
88187936
88183280
88176600
88168965
88158626
88150656
88150590
65135149
65116914
65052091
65051123
65041874
65041635
10053030
69193116
69156722
69041874
69041734
69041635
77201535
77193116
77158626
77152554
11177388
11177326
11165229
11161648
11159145
11153296
11117063
11051123
11041734
10177326
10137114
10135149
10051123
9135149
9041734
8167948
8051105
8041725
7152554
7051105
7041725
6150656
6116914
6052126
6051123
6041874
63161648
47163705
47153244
47117063
47116494
47053030
47051105
88201510
88193116
88183285
88179527
88177635
88177326
88167943
88163705
88163419
88160766
88158121
88116494
88052091
65001605
69181455
69177326
69163423
69007784
77178509
77167943
11183285
11183280
11168293
11167943
11160766
11141645
11116494
11041874
11041635
10163705
10160766
10153244
10134779
10117063
10116494
10051105
9167948
9163705
9160766
9117063
9116494
9051105
8163705
8160766
8159145
7135149
7052091
7041635
6045062
35158121
35160766
35163705
35167943
63156722
47163419
88215914
88190531
88165239
88163711
88161648
88159147
88112253
53183870
67007784
69163705
69160766
69153244
69152554
69134779
69051105
77177326
11188385
11179527
11176600
11163711
11163705
11112253
11007784
11001625
10163419
10152554
10141645
9163419
9153244
9141645
8163711
8163419
8135149
8052091
7051123
6135149
6041635
35112253
35159147
63163423
47167948
47165153
88216594
88213345
88212218
88204311
88183394
88167628
88153244
88152554
88112316
65112253
65001289
10045601
67026992
67018122
67001419
69163419
69141645
77194765
11163419
11152554
10167948
10165153
10163711
10001625
9163711
9152554
8156722
8152554
8141645
7112253
6112253
35165239
35163711
35116494
35177635
63161700
47163711
47152554
88211300
65053030
65045577
67161700
67107298
67051105
67041725
67041635
69163711
69153296
77167948
11052091
10153296
10052091
9165153
9112253
9052091
9041635
8165153
8112253
8041635
7141645
6141645
6052091
35152554
35161648
35167628
35179527
35190531
35205600
35216594
63163711
63049472
63041635
47165239
47112253
47052091
88201535
88178509
88170890
88167948
88156616
65045062
67167948
67163705
67160766
67053030
67045601
67001289
69179527
69167948
69159145
69112253
11167948
11165153
10165239
10112253
9165239
9153296
8165239
8001625
7165239
7156616
35112316
35153244
35177326
35183280
35204311
35212218
63158626
63112253
88193301
88177388
88177358
88165229
53216594
67165153
67163419
67159145
67135149
67001605
69156616
77165229
10156616
35052091
53177388
67165239
67163711
67156722
67156616
67112253
67052091
69165239
77195864
77170890
77165153
9156616
9001625
8156616
7001625
6156616
6001625
35163419
35193301
35201535
63052091
88195864
88194765
88165153
53205600
53159147
53163705
65045601
67152554
69052091
77156616
11156616
35156616
35165153
35177358
35183394
35213345
35215914
63053030
47156616
53112253
11165239
35170890
35211300
53170890
53193301
53195864
69165153
35165229
63051123
53194765
35167948
35177388
35195864
63001419
65156616
65001419
91052091
35178509
91195864
35194765
91156616
91001625
93001605
27005984
31005984
93222481
93001116
93001419
#gabon
77188567
53188567
88188567
#gambia
#georgia
88192904
88205401
#germany
35213331
14121122
14005485
47183907
47183344
47179784
47158138
47155408
88211862
88208334
88206511
88198202
88198196
88198113
88192445
88188154
88186912
88186569
88183568
88177934
88164491
88158138
88134895
65121937
65101336
67167431
67158138
67150368
67126925
67121937
67112847
67053074
69101336
77198077
77192227
77188352
77186296
77164493
77164491
77052270
11137262
11121937
10167237
10164493
10158138
9179846
9177519
9167431
9137262
8167431
8158138
8150368
8126925
8121937
8112847
8053074
7150368
7137785
7121937
7121933
7053074
6137785
6101336
63053612
47176687
47167431
88212190
88212150
88204024
88193886
88193698
88189246
88188802
88158856
88150516
10121945
65121122
65049012
67137262
77207920
77204024
77198202
77189246
77188802
77183871
77158138
11193698
11186148
11183907
11177934
10179784
9179546
9150516
9049012
9002196
8137262
7164493
7126925
7121944
6121937
6049012
47179546
47178603
47137262
47052270
47049012
47002196
88203775
88202087
88200610
88200215
88193130
88190520
88177519
88137351
88002196
65053012
67167237
67101875
67005485
67002196
69158138
77192448
77186148
77183574
77150516
11182521
11179546
10179546
10178603
10150516
10137262
10052270
10005485
10002196
9167237
9005485
8167237
8121122
8101875
8005485
8002196
7167495
7150516
7150418
7121122
7101336
7047903
7005485
6121944
6121122
6005485
35190520
63011141
88202166
88200316
88198077
88192620
88187072
88186148
88183574
88167431
88150418
88137785
67167495
67053012
69179546
77202166
77192620
77179784
77177934
77177457
11193130
11188350
11179846
11179784
11053612
11049012
11011141
10189596
10182521
10179846
10049012
9121944
9121122
9052270
8167495
8164493
8150516
8121944
8101336
8052270
6053612
35187072
35208333
47053012
88202857
88177457
88137262
88011141
10053012
69194089
77177458
77121933
11150516
11002196
10053612
9167495
8049012
7049012
35011141
35137351
35137785
35177457
35179783
35186148
35188943
35192620
35200316
63101336
47177519
47164491
88192563
88192448
88188943
88186942
88179784
88179783
53198077
65002196
69195258
69182521
77183907
77179846
77150418
77011141
11189596
11178603
11121933
10167495
10150418
10011141
9176635
9053612
7002196
6002196
35053612
35167431
35121933
35192227
35192448
35198077
47121933
88192227
88121933
88053612
53202857
53190765
69053612
69053012
69011141
77193130
77186942
11192318
10121933
9121933
9011141
8150418
8053612
7053612
7011141
6150516
35137262
35177458
35192563
63121937
88192318
88179846
88177458
88121944
88121170
53179783
65164493
65137785
67121933
67121122
10176635
9150418
8121933
35121170
35179784
35179846
35183574
63121945
88188350
88121939
69189596
69179846
69179784
69162223
77002196
11176635
11121939
10121944
7121939
6011141
35121939
35150516
35150418
35186942
35202166
35202857
88178603
53190520
65005485
67164493
67053612
67052270
67049012
11167495
11121944
10121939
9121939
8011141
6121939
35121944
35193130
47179846
88189596
88183907
53121170
67150418
67101336
67000805
69167495
69121944
77188350
77176635
77121944
77053612
8121939
35188350
35208334
35212622
63150516
63121944
47182521
47150418
47121945
47053612
88182521
53167431
53183907
53189596
67121944
69121939
77182521
11150418
35178603
35192318
63000805
47150516
88176635