#korea-dpr
#korea-republic
29221467
65165890
77200588
77176389
77136553
9155355
9136265
8176403
6136686
6136601
6136553
6136363
97999914
97999917
29207542
29221475
29226652
29232065
88182152
88155355
65136553
65136306
10140057
8136553
8136306
7136553
6103133
6033730
97999909
97999904
29227790
29232831
88176403
10165889
65136601
77176403
77136686
11155355
9136553
8103133
97999908
97999906
97999902
97999900
29221383
85201528
88195912
88191655
65136686
65136265
77191566
77182152
10155355
7103133
6136285
88191910
88136553
57165930
65136285
77199183
77191910
8033730
97019580
97999913
97999916
29211927
77155355
97999912
97999910
97999907
97140053
97136600
97136594
47155355
97999905
77200104
77180283
97136299
97032743
88200104
88180283
29226380
29211005
95139500
95136454
95136445
95136391
29195912
95136743
95140057
95136606
29200104
95136299
95136594
41136594
95136600
95019580
95999910
95140053
95033730
95032743
41140053
41999910
55039943
95136285
95039943
95999921
95138161
95007489
41007489
27191208
#kuwait
#kyrgyzstan
#laos
#latvia
#lebanon
#liberia
93164000
#libya
#liechtenstein
#lithuania
#luxembourg
#madagascar
#malaysia
71000100
71000102
71000101
#mali
88188325
7157393
6005440
8157393
11012259
10157393
8012259
85157393
69012259
#malta
#mauritania
#mauritius
#mexico
35156412
35158543
35192041
47170369
88156433
69169416
77156412
77140233
11171897
10140233
9139006
8156506
8140140
8139224
7156112
7140140
6156412
6140233
35178322
47140233
88178322
69170369
77173432
77170369
77158543
11170369
10178224
10170369
10167519
9140233
8139229
8002819
6140035
35193165
35204838
63026709
88173432
88170370
88170369
88140233
65135708
77171897
11026709
9171897
8171897
8140233
8139006
7140233
7139006
35173432
47171897
88171897
88169416
77178224
10171897
10026709
8170369
35026709
35140233
35170369
65157520
65140035
65139229
65026709
11178224
6139006
35156519
35171897
63170369
47026709
9026709
7026709
47178224
88178224
65140233
65139224
65002819
8026709
35169416
6026709
69178224
35178224
#moldova
#montenegro
9192615
85180287
88204639
88192615
88181820
10181820
11181820
#montserrat
#morocco
88193738
63134906
88208670
88179605
7164435
63164435
88211381
88187702
88183108
11188935
88164435
69138334
10164435
10138334
9164435
11177509
11164435
11134906
9138334
8134906
7134906
10134906
9134906
6134906
88177509
69134906
77177509
#mozambique
88196801
#namibia
#new-caledonia
#new-zealand
88176285
#nicaragua
#niger
#nigeria
14199835
47109693
88185195
88164477
88146011
77172962
11139968
10164478
9164478
9146011
69164954
77201818
11164478
8146011
8137494
47137494
88137494
77164477
77139968
10137494
9137494
7164477
63172844
88139968
69137494
11164477
8164477
47164477
10164477
9164477
7137671
7137494
63137671
69164477
6137671
63164477
93000570
#northern-ireland
35017725
35186839
9151508
9017725
88169588
35186135
10151508
35151508
69151508
35163201
35186143
35109852
35166844
35169588
69169588
#norway
63046815
88182888
11046857
6046815
8046815
63148745
8046857
11046815
10046815
7046857
9046815
#oman
88205943
35143674
35192613
35211061
9136875
88165109
77205943
35200911
35205943
67136875
8136875
35165109
93166124
#palestinian-authority
#panama
#papua-new-guinea
#paraguay
35121193
35140222
35204226
88179752
8152922
8140256
7140256
7140222
7025798
6140256
35152922
14209097
88183249
65025798
7179752
6140222
35179752
11025798
8179752
6025798
35183249
47025798
10025798
9179752
9025798
47179752
10179752
69179752
11183177
8025798
63025798
#peru
88187132
35025420
35167305
35187132
69168580
8025420
7158133
7025420
35214692
88203299
11167305
88158133
10167305
9167305
9158133
9025420
6025420
35158133
11025420
10158133
8167305
8158133
35203299
10025420
69025420
11158133
69158133
#philippines
#poland
35148526
35176094
35186347
63148569
88205175
88165174
65105846
11188545
11164835
10138066
9164994
6105846
35105846
35162280
35174669
88186153
88164835
35165174
63164835
63106436
11186153
9105846
88173771
88164994
8105846
35186153
67105846
88190547
77186153
35177790
35185010
63101473
88197242
35173771
35205175
35164994
35177922
35190547
63105846
35164835
53190547
53197242
77188545
88188545
35197242
53188545
35188545
#portugal
63020799
14178424
14138463
47189156
47178005
47110283
47020798
47020775
88213516
88205524
88204401
88201118
88199840
88197965
88193862
88157960
65157947
67138984
67138110
67020798
69157960
69020209
77207566
77200962
77197965
77190779
77189530
77163083
77138463
10189156
10110283
9178005
9172672
9157947
9110283
8148224
8138110
6157947
6020176
47182629
47178007
47163083
47138984
47004098
88216749
88216547
88212198
88182629
88166074
88138110
88003622
65162347
10020798
67157960
67004098
69138463
77216547
77211368
77189795
77184826
77182629
77178424
77172672
77020209
11020209
10182629
10178007
10171688
10020775
10004098
9178007
9163873
9163083
9004098
8004098
6162347
35002492
47172672
88218667
88212814
88184826
88178007
88162347
67178007
67139068
67005589
69171688
77178007
77171688
77148224
11177553
11004098
10190779
10177553
10172672
10163873
9182629
9139068
8178007
8139068
7139068
35138110
35166074
47162347
47148224
88211575
88210679
88200888
88199626
88199482
88189156
88178005
88177553
88171791
88171688
88020775
88004098
77206407
77177553
77138110
11178005
11172672
11163083
11138110
11020775
10162347
10148224
8020775
7178007
7120533
35189156
35189795
35210679
35218667
63177553
47138110
47002769
88207566
88139068
88020800
10002769
67162347
67020800
77178005
11171688
11148224
10138110
8162347
8020800
7162347
7004098
6003622
35020800
35178007
35199626
35200888
47139068
47003622
65020775
65020209
69002769
77139068
77120533
77020800
11003622
10139068
10003622
9162347
9148224
9138110
7020775
6004098
35004098
47020800
53199482
77162347
11162347
11020800
10020800
9020800
9003622
8120533
35171688
35184826
35199482
35201118
35211575
65020176
67020176
11139068
11120533
10120533
9120533
8003622
7003622
35003622
35162347
35177553
35212814
47120533
88120533
67003622
69139068
35020775
35207566
35230767
53171791
65020801
65004098
67020801
67020775
6020801
35171791
63003622
67148224
69003622
9020801
7020801
63148224
63001025
47020801
65117106
65003622
10020801
8020801
35139068
35209889
63005589
69120533
11020801
35178005
63004098
65005589
67120533
67002769
88020801
69020801
77020801
35120533
63020801
53020801
35020801
93117106
91020801
93214101
93005589
93001025
#puerto-rico
#romania
#russia
88216336
88213150
88192086
88167549
88147579
88112542
69166708
77216336
77148122
77147779
77147579
77112542
77109416
11147579
10147042
8147579
7112542
7109416
88206225
88166708
88148122
10147455
77148217
77147621
11166708
10166750
10147794
10147579
10109416
9148217
9147779
9147445
8148217
35148122
88187735
88148119
88147782
88147621
67109416
77192086
77187735
77167614
11187735
11154950
11147794
11147779
11147660
11147621
10154950
10148217
10147779
10147614
9187735
9147660
8154950
8147614
8109416
35206225
88206273
88187607
88187347
88167614
67148123
67147042
69154950
77147782
11109416
10187735
10147660
9147579
9109416
8147042
7147794
35147621
35148119
67148122
9154950
9147042
35112542
35187347
35192086
67167614
69147660
77148119
11147777
10148119
9147794
8147794
7147777
35167614
35206273
67147627
11148119
9148119
8148119
67147794
67147779
67147579
67112542
7148119
67147445
10147777
67162780
67148253
67148217
69147614
9147777
8147777
35187607
67148119
69147777
67154950
67147614
67147777
#rwanda
#saudi-arabia
88168883
#scotland
69139533
69122574
10051353
10049000
8139533
8049000
7155883
6049045
69051353
69049000
8134820
6138782
9049045
8049045
7134820
11138782
9138782
7049045
63138782
11155976
10138782
63053110
69138782
55230026
#senegal
14172124
88215785
88208339
88201956
88187084
88183256
88179875
88178250
88138704
9177134
88208722
88197937
88178679
88177765
10177134
88201024
88192333
11179875
11177134
77177134
14177134
10040900
9040900
69040900
85177134
11177765
#serbia
47183556
47168650
88212125
88208574
88183376
88178111
11199434
9185103
9168650
8178372
88199434
88193198
88186524
11105454
63161781
88205362
88190544
88183556
77185103
11185103
10185103
9178372
8168650
47185103
47178372
88215466
88167514
88105454
65167515
77178372
11183556
11163297
9163297
88185103
88140601
10178372
6140601
77205362
11178372
47163297
88191202
88178372
7140601
65140601
77191202
47140601
10140601
9140601
11140601
8140601
69178372
53191202
69140601
91140601
#sierra-leone
#singapore
#slovakia
88190875
35175671
35186119
35186253
35190854
35198193
11190875
88171877
10166706
47166706
11166706
9166706
8166706
9171877
8171877
47171877
11171877
10171877
88166706
77171877
35190875
77166706
35166706
35171877
#slovenia
47176102
88139274
8162835
88192205
11162835
88200647
88195365
11200647
9176102
9162835
88200389
88162835
#somalia
#south-africa
88165247
88050327
6050327
11050327
10050327
47050327
#spain
88106213
88045119
65146758
65146536
65135697
65045119
10110652
67176993
67159171
67146758
67146748
67110652
69145047