10000041
10000241
10000246
10000250
10001075
10001625
10002147
10002769
10003395
10005471
10005479
10006826
10007289
10007763
10007784
10007826
10008473
10008517
10009014
10009676
10010535
10013038
10013732
10013743
10016254
10020289
10020801
10021146
10023461
10024630
10030110
10031432
10034079
10039943
10041236
10041635
10045119
10045197
10045574
10045674
10048717
10048940
10049072
10049369
10050542
10050598
10052091
10053050
10053302
10053612
10053914
10054013
10054050
100707
10106573
10106850
10107715
10113176
10113422
10119152
10120274
10120312
10120533
10121933
10121939
10121944
10135455
10135475
10136144
10137677
10137782
10138123
10138412
10138449
10138726
10138782
10138956
10139068
10139720
10139843
10139869
10140057
10140601
10141645
10142754
10142784
10143001
10143745
10146530
10146536
10146562
10146741
10146758
10147777
10148119
10150418
10150516
10150724
10152039
10152554
10152729
10152747
10152908
10152999
10155355
10155862
10155885
10155897
10156616
10157304
10157393
10157481
10157503
10158023
10158133
10158372
10159065
10159287
10160766
10161648
10162240
10162347
10162895
10163419
10163423
10163631
10163699
10164082
10164169
10164240
10164468
10164477
10164859
10165153
10165239
10165740
10165889
10166706
10167495
10167664
10167905
10167943
10167948
10167963
10168435
10168542
10169721
10170733
10170797
10171877
10171897
10173208
10173210
10173731
10173909
10176266
10176580
10176635
10176676
10176944
10176993
10177003
10177134
10177610
10178088
10178224
10178372
10179527
10179546
10179591
10179813
10179846
10179944
10180175
10180930
10181820
10182495
10182521
10183277
10183280
10183556
10183898
10184144
10184941
10184943
10185103
10186581
10186627
10187688
10188428
10189362
10189505
10189511
10189596
10189681
10190871
10191180
10193080
107298
11000041
11001179
11001219
11001238
11001625
11002147
11002196
11003395
11005471
11005479
11007289
11007631
11007743
11007763
11007784
11007826
11008473
11008517
11009014
11009676
11010535
11011141
11013732
11013743
11016254
11020289
11020801
11021146
11023461
11024630
11028130
11030110
11031432
11034079
11041236
11041635
11045119
11045197
11045574
11045674
11046590
11046815
11048717
11048745
11048940
11049072
11049369
11049370
11050542
11052091
11053050
11053302
11053578
11053612
11053914
11054013
11054033
11054050
11103936
11113176
11113422
11119152
11120274
11120312
11120533
11121939
11121944
11123603
11135475
11136130
11137361
11137677
11137782
11138110
11138123
11138412
11138726
11138782
11138956
11139068
11139094
11139720
11139869
11140601
11141645
11142708
11142754
11143001
11143745
11146530
11146536
11146562
11146741
11146748
11146758
11146760
11147777
11148224
11148803
11149184
11150418
11150516
11150724
11152039
11152554
11152729
11152747
11152908
11153079
11153296
11154950
11155355
11155862
11155897
11156616
11157304
11157481
11157503
11158023
11158133
11158372
11158810
11159065
11159145
11159287
11160766
11161648
11161754
11162131
11162347
11162409
11162835
11162895
11163419
11163423
11163631
11163699
11163705
11164082
11164169
11164240
11164468
11164859
11164959
11165153
11165229
11165239
11165580
11165740
11166706
11167305
11167397
11167495
11167664
11167905
11167943
11167948
11167963
11168435
11168542
11168651
11169721
11170369
11170733
11170770
11170797
11171688
11171833
11171877
11171919
11172049
11173208
11173210
11173731
11173909
11176580
11176600
11176635
11176676
11176944
11176993
11177003
11177134
11177610
11178088
11178224
11178372
11178562
11178603
11179527
11179546
11179784
11179813
11179846
11179944
11180432
11180930
11181783
11182521
11182879
11183277
11183280
11183285
11183556
11183898
11183907
11184941
11184943
11185103
11186146
11186153
11186627
11187735
11188350
11188545
11189332
11189358
11189362
11189505
11189511
11189596
11190871
11191180
11192318
11193080
11193130
11198710
137466
145889
149619
156129
156422
157022
157716
163143
165025
173909
179547
179613
179813
179844
179846
179944
180216
180403
180614
180819
181228
181291
181492
181783
181872
182288
182493
182521
182888
183277
183574
183665
183711
183898
183966
184065
184392
184432
184484
184823
184941
185195
186146
186153
186561
186778
186961
187052
187072
187878
188182
188253
188350
188545
188567
188657
188669
188942
189003
189105
189125
189165
189242
189250
189299
189332
189354
189511
189546
189606
189881
189908
189963
190058
190456
190460
190782
190807
190815
190871
191043
191202
191482
191687
191740
191910
192119
192318
192366
192448
192505
192563
192679
192774
192883
192904
19292
192985
193080
19324
193301
193352
193555
193698
194365
194679
194765
194957
195864
196896
197445
197756
197781
198009
198076
198202
198710
198790
199049
199189
199383
199422
199503
199556
199568
199811
2
200104
200145
200260
200389
200434
200553
200607
201153
201159
201299
201399
201519
201523
201535
201862
201884
201886
201942
201988
202052
202126
202166
202335
202371
202556
202652
202659
20289
203042
203486
203574
203775
204311
205600
205988
207441
207494
207586
20801
208230
208333
208722
208830
208920
209329
20933
211110
211117
211176
211300
211368
21146
212090
212218
212351
212366
212501
213345
213661
213666
213697
214267
214977
215010
2155
215639
215716
216266
216268
216523
216570
216594
218339
219500
219998
220295
220934
221491
222001
222862
223426
223557
223624
225508
225719
226378
226518
228099
229872
231677
231911
23461
2492
27
3281
3622
41
41236
45595
4667
46815
47000041
47002147
47005479
47007826
47009014
47011141
47106573
47113422
47121939
47135455
47138956
47139094
47150516
47165153
47167495
47167664
47178372
47179846
47189596
47996
4832
48826
49012
49025
49617
49966
50327
50542
51539
52241
52326
52846
53001179
53009014
53013732
53020801
53030
53041236
53050
53138956
53143001
53146530
53153079
53155862
53158023
53159147
53162895
53164240
53167495
53170890
53171919
53174543
53176580
53176676
53179844
53182521
53183277
53183907
53184344
53184432
53184941
53188545
53188567
53189513
53189596
53190871
53191202
53192366
53192985
53193080
53193301
53194765
53194911
53195864
53198009
53198710
53199556
53201399
53202126
53202857
53203551
53211320
53302
53405
53436
53521
5355
53593
53612
54050
54051
5589
6000041
6000768
6001179
6001219
6001238
6001611
6001625
6001803
6002196
6002651
6003395
6003484
6003622
6004098
6005471
6007289
6007763
6007784
6007814
6007826
6007939
6008473
6009676
6011141
6013130
6013690
6013732
6013743
6015723
6017605
6019896
6020289
6020801
6023015
6023461
6024438
6024630
6025798
6026709
6026992
6028130
6031432
6034079
6041236
6041635
6041674
6045186
6045197
6045674
6049369
6049370
6051123
6051257
6052091
6052752
6053405
6053869
6054050
6112316
6113422
6114764
6120304
6121622
6121939
6123621
6123629
6134956
6135149
6136130
6136138
6136686
6137186
6137199
6137785
6138123
6138726
6138787
6138956
6139006
6139068
6139094
6139720
6139997
6140057
6141645
6142780
6143001
6143671
6146530
6146536
6146741
6149231
6149568
6150309
6151508
6152039
6152554
6152729
6152908
6153079
6153296
6155862
6156616
6157947
6158023
6164493
6165239
6167905
6177643
6235
63000805
63001025
63001040
63001109
63001183
63001198
63001238
63001419
63005471
63005479
63005589
63005879
63006975
63007763
63010264
63013128
63013743
63015723
63020801
63031432
63045197
63045674
63051123
63051257
63051539
63121939
63138449
65000027
65000041
65000244
65001179
65001238
65003622
65005419
65005471
65005479
65005485
65005680
65006975
65007512
65008473
65011141
65013128
65013732
65013743
65020801
65021146
65023015
65026992
65028130
65045674
65048940
65049369
65050598
65050641
65051257
65052091
65052241
65053050
65053612
65054013
65054050
65110381
65111093
65112253
65117106
65121939
65123621
65136553
65136601
65137160
65137262
65137785
65138123
65138449
65142754
65143001
65146695
65148138
65150516
65152747
65156616
65162895
65165153
67000041
67001179
67001238
67002769
67005213
67005479
67007826
67010535
67011141
67024630
67045197
67049369
67052091
67052270
67053302
67053612
67112253
67113422
67120533
67135149
67139068
67139869
67147777
67148138
67148803
67150516
67155862
67157481
67158810
67159145
67162409
67162895
67163419
67165239
67184431
6826
69000041
69002769
69005471
69005479
69007289
69007826
69009014
69009676
69010535
69013732
69020801
69021146
69031432
69034079
69041236
69041635
69045197
69045674
69050542
69052091
69053302
69054050
69113422
69120533
69121939
69121944
69135455
69138782
69139869
69140601
69142754
69146530
69146741
69150418
69152554
69152729
69152747
69155862
69158023
69159145
69160766
69162895
69164240
69164959
69165153
69167495
69167905
69173731
69173909
69176635
69177003
69178088
69178224
69178372
69179846
69183898
69189332
69189505
69189511
69189596
69189681
7000027
7000041
7001179
7001238
7001625
7002155
7002196
7002264
7002651
7003395
7003622
7004667
7005471
7005479
7005485
7007289
7007763
7007826
7008473
7008517
7009014
7009676
7010535
7011141
7013732
7013743
7015723
7020289
7020801
7021146
7023015
7024438
7024630
7026709
7026992
7028130
7030110
7031432
7031831
7034079
7041236
7041635
7041725
7045062
7045119
7045186
7045197
7045574
7045595
7045674
7046857
7048717
7048940
7049012
7049045
7049369
7050542
7050598
7050641
7051105
7051123
7052091
7053302
7053612
7053869
7054050
7111093
7112253
7113422
7119152
7120274
7120312
7120533
7121122
7121933
7121939
7121944
7123621
7134956
7135455
7136130
7136138
7136553
7137186
7137494
7137671
7137785
7138123
7138726
7139068
7139720
7139869
7140035
7140274
7140601
7141645
7142708
7143001
7146536
7150418
7150516
7152747
7153079
7155862
7156616
7157393
7157481
7158023
7158133
7161805
7162476
7162895
7164082
7164477
7164493
7165153
7167495
7168542
7168607
7169721
7171919
7178007
7584
7631
7674
77001179
77020289
77020801
77045674
77048940
77053302
77053612
77113422
77119152
77121939
77135507
77138956
77146530
77146536
77155862
77158023
77162347
77164240
77165229
77165867
77167495
77170890
77171833
77173221
77173731
77175943
77176580
77176635
77177610
77178005
77178088
77178603
77179813
77179844
77179944
77181872
77182103
77182494
77182521
77183277
77183394
77183898
77184432
77184881
77184941
77186148
77186561
77188152
77188350
77188377
77188545
77188567
77188802
77189332
77189596
77191202
77192318
77192505
77193352
77194022
77194359
77195086
77195864
77197445
77198710
77199767
77201862
77203485
77207865
77213899
7932
8000330
8001238
8005471
8005479
8005485
8007289
8007763
8007826
8008473
8009014
8009676
8010535
8011141
8013732
8013743
8020775
8020801
8021146
8023015
8024630
8026709
8028130
8031432
8034079
8041236
8045674
8048717
8048940
8049369
8051105
8052091
8053302
8053612
8053914
8054050
8112847
8113422
8120304
8120533
8121122
8121933
8121944
8123576
8134979
8135455
8137494
8138110
8138123
8138412
8140601
8142708
8143001
8146530
8146970
8147777
8149568
8150724
8152039
8152729
8153079
8155862
8155964
8156616
8157481
8158023
8158810
8159145
8159287
8162895
8163705
8165153
8165239
8166706
8167664
8170369
8171318
9000041
9000768
9001238
9001611
9001625
9002264
9002651
9003395
9003484
9003622
9005471
9005479
9005485
9006826
9007289
9007631
9007763
9007826
9007939
9008473
9009014
9009676
9010535
9013130
9013732
9013743
9014
9016254
9020289
9020801
9021146
9023015
9023461
9024630
9025420
9025798
9026709
9028130
9030110
9031432
9034079
9040900
9041236
9041635
9041734
9045186
9045197
9045595
9045674
9048717
9048940
9049072
9049369
9049370
9050542
9050641
9051412
9051720
9052091
9052270
9053050
9053405
9053578
9053612
9053914
9054013
9054050
91000041
91001179
91005471
91005479
91007289
91007763
91009676
91013743
91020801
91028130
9103133
91031432
9103496
91041236
91045197
91049369
91052091
91054050
9110283
9111093
91113422
91121939
9112316
9113422
91135455
91139869
91140601
91146530
91152729
91155862
91156616
91158023
91164240
91167397
91167495
91176676
91177003
91179944
91182521
91183898
91190871
9119152
9120274
9120533
9121622
9121933
9121939
9121944
9122849
9123576
9135455
9135475
9135742
9136130
9136138
9136686
9137186
9137262
9137494
9137782
9138110
9138123
9138334
9138782
9138956
9139668
9139720
9140233
9140601
9141645
9142708
9142754
9142784
9143001
9143671
9146530
9146562
9146741
9147777
9147794
9148119
9148138
9148803
9149571
9150418
9152039
9152554
9152729
9152908
9152999
9153079
9153177
9153244
9153260
9153296
9154950
9155344
9155355
9155862
9156272
9156616
9157304
9157481
9157597
9157947
9158023
9158133
9158232
9158525
9158810
9159065
9159145
9159261
9159287
9161700
9161805
9162131
9162409
9162895
9163419
9163423
9163631
9163699
9163705
9163711
9164169
9164240
9164435
9164468
9164469
9164477
9164493
9164505
9164859
9164994
9165153
9165239
9165580
9167397
9167495
9167664
9167666
9167706
9167943
9167948
9168542
9169596
9170481
9170733
9170815
9171919
9172140
9172672
9173210
9176580
9176635
9176676
9176733
9176944
9176993
9177003
9178372
9180930
9181872
9182629
9183898
9184431
9184941
9186581
9186627
9189362
9189484
93000195
93000942
93001183
93001419
93001605
93010264
93051539
93052241
942