10000041
10000241
10000246
10000250
10001075
10001625
10002147
10002769
100033
10003395
10005471
10005479
10006826
10007289
10007763
10007784
10007826
10008473
10008517
10009014
10009676
1001
10010535
10013038
10013732
10013743
100143
10016254
10020289
10020801
10021146
10023461
10024630
10030110
10031432
100325
100326
100329
100330
10034079
100387
100391
10039943
10041236
10041635
10045119
10045197
10045574
10045674
100470
10048717
10048940
10049072
10049369
10050542
10050598
10052091
100521
10053050
10053302
10053612
10053914
10054013
10054050
100557
100559
100578
100580
100585
100670
100701
100707
100743
100745
100751
100758
100792
100799
100803
100804
100806
100807
100889
100899
100905
100907
100932
100964
101015
101058
10106573
10106850
10107715
10113176
10113422
101160
10119152
10120274
10120312
10120533
10121933
10121939
10121944
101282
10133
101336
10135455
10135475
10136144
10137677
10137782
101378
10138123
10138412
10138449
10138726
10138782
10138956
10139068
10139720
10139843
10139869
10140057
10140601
101411
10141645
10142754
10142784
10143001
10143745
10146530
10146536
10146562
10146741
10146758
101473
10147777
10148119
101482
101488
101490
101496
10150418
10150516
10150724
10152039
10152554
10152729
10152747
10152908
10152999
10155355
10155862
10155885
10155897
10156616
10157304
10157393
10157481
10157503
10158023
10158133
10158372
101590
10159065
10159287
10160766
10161648
10162240
10162347
10162895
10163419
10163423
10163631
10163699
10164082
10164169
10164240
10164468
10164477
10164859
10165153
10165239
10165740
101658
10165889
10166706
10167495
10167664
10167905
10167943
10167948
10167963
10168435
10168542
101689
10169721
10170733
10170797
10171877
10171897
10173208
10173210
10173731
10173909
101749
10176266
10176580
10176635
10176676
10176944
10176993
10177003
10177134
10177610
10178088
10178224
10178372
10179527
10179546
10179591
10179813
10179846
10179944
10180175
101803
10180930
10181820
10182495
10182521
10183
10183277
10183280
10183556
10183898
10184144
10184941
10184943
10185103
10186581
10186627
101868
101875
10187688
101880
101882
10188428
101891
10189362
10189505
10189511
10189596
10189681
10190871
10191180
10193080
101997
102001
102021
102056
102060
102081
102084
102088
102129
102133
102293
102356
102359
102409
102587
102588
102593
10264
102881
103117
103133
103307
103496
103578
103581
103582
103735
103930
103933
103935
103936
103938
104047
1041
104100
104101
104296
104389
104442
104462
104463
104467
104472
104476
104509
10451
10457
1046
10466
10468
104702
104732
104733
104737
104742
104743
104940
105046
105308
105314
105318
105327
105330
105338
105342
10535
10540
105443
105454
105466
105471
105474
105530
105532
105533
105558
105663
105748
105803
105827
105834
10584
105846
105865
105866
105945
106019
106112
106134
106183
106202
106213
106231
106364
106431
106436
106510
106539
106560
106573
106582
106686
106795
106850
106874
107084
107103
107261
107263
107280
107298
107305
107320
107391
107494
1075
107528
107579
107634
10764
107647
107651
107705
107713
107715
107758
107794
107796
10780
107904
108060
108061
108075
108080
10824
108361
108583
10863
108658
108750
108784
1088
10899
109416
10959
109724
109809
109852
1099
109910
109969
11
11000041
11000241
11001041
11001088
11001179
11001219
11001238
11001256
11001625
110019
110020
11002147
11002196
110023
110026
11003395
11005467
11005471
11005479
11007289
11007631
11007743
11007763
11007784
11007826
110082
11008473
11008517
11009014
11009676
11010535
11011141
110117
11013038
11013732
11013743
110146
11016254
1102
11020289
11020801
11021146
11023461
11024630
11028130
110283
110297
110301
11030110
11031432
11034079
110341
110368
110371
110375
110376
110377
110379
110381
110389
11039943
110402
11041236
11041635
11045119
11045197
11045574
11045674
11046590
11046815
11048717
11048745
11048940
11049072
11049369
11049370
11050542
11052091
110525
11053012
11053050
11053055
11053116
11053302
11053578
11053612
11053914
11054013
11054033
11054050
110606
110627
110638
110652
110657
110677
110692
110774
110787
110810
110811
110842
110843
110852
110856
110880
1109
110974
110979
110987
111008
111010
111022
111023
111029
111033
111038
11103936
111040
111041
11106573
11106850
11107715
11108080
111083
111085
111091
111093
111105
111114
111125
11113176
11113422
111137
111163
111172
11119152
111195
11120274
11120312
11120533
111206
11121939
11121944
11123603
111238
11125
111310
111320
111328
111329
11135475
11136130
11136144
11137186
11137361
11137677
11137782
11138110
11138123
11138412
11138449
11138726
11138782
11138956
11139068
11139094
11139720
11139843
11139869
11140601
11141
11141645
11142707
11142708
11142750
11142754
11143001
11143745
11146530
11146536
11146562
11146692
11146741
11146748
11146758
11146760
111477
11147777
11148224
11148711
11148803
11149184
111503
11150418
11150516
11150724
11152039
11152554
11152729
11152747
11152908
11153079
11153296
11154950
11155355
11155862
11155897
11156616
11157304
11157481
11157503
11158023
11158133
11158372
11158810
111590
11159065
11159145
11159287
11160766
11161648
11161754
11162131
11162347
11162409
11162835
11162895
11163419
11163423
11163631
11163699
11163705
11164082
11164169
11164240
11164468
11164469
11164859
11164959
11165153
11165229
11165239
11165580
11165740
111661
11166706
11167305
11167397
11167495
11167664
11167905
11167943
11167948
11167963
11168312
11168435
11168542
11168651
11169721
11170369
11170481
11170733
11170770
11170797
11171688
11171833
11171877
11171919
11172049
11172098
11173208
11173210
11173731
11173909
11176580
11176600
11176635
11176676
11176944
11176993
11177003
11177134
11177413
11177610
11178088
11178224
11178372
11178562
11178603
11179527
11179546
11179591
11179784
11179813
11179846
11179944
11180175
11180432
11180930
11181783
11182521
11182879
11183277
11183280
11183285
11183556
11183898
11183907
11184431
11184941
11184943
11185103
11186146
11186153
11186627
11187735
11188350
11188545
11189332
11189358
11189362
11189505
11189511
11189575
11189596
11190871
11191180
11192318
11193080
11193130
11193348
11198213
11198710
11199304
11215
112230
112240
112241
112243
112244
112251
112253
112287
112292
112293
112316
112333
112352
112358
112362
112365
112373
112384
112389
112392
112393
112396
112476
112536
112542
112549
112552
112554
112556
112562
112594
11260
112628
112640
112712
112716
112745
112754
112778
112811
112847
11285
112875
112883
112920
112964
112978
11301
113045
113176
113188
113207
113278
113343
11336
113384
113419
113422
113428
11346
11348
113521
113524
113555
11358
113699
113713
11381
11386
113942
114008
114038
114082
114123
114126
11414
11415
11427
11430
114356
114531
114555
114604
114663
114764
11486
11488
11495
11496
114960
11535
115533
115577
11574
11576
115768
115823
115888
115909
115918
115926
11595
116024
11603
116081
116197
116227
116308
116309
116314
116334
116335
116346
116391
11642
116425
116479
116494
116620
116655
116677
11671
116745
116746
116762
116866
116914
116917
116938
116952
116959
11696
11698
117015
117022
117062
117063
117094
117109
117249
117343
117396
117424
117438
117492
117631
117655
11769
1178
11785
11787
117893
1179
11791
11793
11797
11800
118054
11808
11811
11814
11824
1183
11830
118352
118359
118393
11841
118646
118662
118794
118844
118868
119152
11918
11920
119233
119275
119422
119516
119689
119723
1198
11983
119834
11998
120018
120022
120044
120054
120060
1201
12011
120202
120238
120270
120274
120280
120297
120304
120306
120309
120312
120313
120326
120339
120355
120415
120451
120533
12070
1210
121122
121134
121170
121185
121193
12139
121568
121591
121622
12164
12167
1219
121901
121922
121933
121937
121939
121940
121944
121945
121971
121988
122040
122048
122066
122118
122124
122162
122164
122270
122361
122445
12253
122541
122542
122574
122586
12259
122593
122649
122660
122718
122723
122792
122827
122849
123073
123116
123158
123159
123463
1235
123576
123581
123586
123597
123603
123610
123611
123620
123621
123623
123629
1238
124375
12445
12451
124607
124635
124871
124949
124976
125071
125586
1256
125871
125995
126463
12666
126925
12695
12726
127432
12767
127689
127747
128529
1289
129133
129143
12940
129566
13038
13040
13042
130687
130893
130933
13117
13124
13127
13130
131444
1318
132740
133249
13349
13354
13403
134534
134594
134610
134621
134627
134634
134635
134683
134688
134697
134734
134744
134746
134765
134777
134779
134783
134785
134787
134792
134809
134810
134811
134812
134820
134821
134824
134828
134881
134906
134941
134947
134949
134956
134957
134963
134968
134979
134980
134982
135032
135043
135056
135061
135069
135073
135077
135078
135080
135084
135095
135098
135149
135190
135197
135218
135282
135291
135294
135303
135324
135326
135339
135344
135364
135377
135380
135382
135392
135401
135423
135440
135443
135451
135454
135455
135460
135461
135465
135466
135472
135473
135475
135479
135482
135499
135507
135524
135527
135530
135537
135575
135576
135587
135594
135606
135616
135656
135697
135718
135734
135738
135742
135743
135778
135808
135819
135820
135845
135859
135861
135866
135872
135883
135891
136061
136074
136110
136113
136120
136124
136130
136133
136137
136138
136144
136168
136170
136177
136187
136194
136228
136248
136265
136275
136286
136293
136306
136363
136365
136445
136451
136454
136456
136467
136504
136507
136508
136522
136553
136556
136590
136594
136601
136631
136642
136686
136699
136753
136764
136775
136834
136839
136875
13690
136941
137026
137077
137080
137089
137103
137109
137114
137133
137138
137143
137144
137151
137159
137160
137163
137166
137171
137179
137185
137186
137199
137200
137204
137206
137220
137228
137232
137261
137262
137267
137270
137277
137278
137282
137309
137317
13732
137324
137330
137351
137356
137359
137361
137363
137373
137378
137380
13739
137397
137403
137406
137410
137425
137427
13743
137438
137440
137449
137460
137461
137464
137466
137494
137498
137506
137509
137510
137511
137519
137527
137534
137551
137552
137553
137578
13760
13761
137637
137659
137661
137664
137671
137677
137679
137686
137692
137708
137725
137729
137734
137758
137763
137767
137769
137774
137779
137782
137785
137786
137809
137815
137826
137829
137832
137854
137862
137956
137960
137987
138024
138050
138052
138065
138066
138076
138080
138083
138086
138089
138091
138098
138110
138123
138129
138139
138151
138153
138154
138155
138156
138180
138181
138185
138188
138193
138195
138239
138243
138246
138247
138249
138251
138279
138280
138287
138288
138289
138291
138295
138296
138297
138299
138334
138336
138351
138353
138355
138373
138381
138384
138390
138394
138412
138413
138415
138423
138429
13843
138431
138436
138445
138449
138451
138452
138453
138455
138456
138457
138460
138462
138463
138468
138497
138507
138528
138529
138532
138539
138564
138588
138637
138652
138667
13867
138670
138673
138679
138698
138699
138703
138704
138708
138710
138712
138719
138722
138726
138729
138755
138782
138783
138784
138786
138787
13879
138798
138806
138810
138816
138822
13883
138830
138841
138871
138878
138880
138885
138892
138900
138901
138903
13891
138911
138918
138920
138921
138932
138933
138945
138949
138956
138957
138958
138971
138972
138981
138984
138986
138987
138993
138995
139001
139006
139016
139017
139031
139038
139056
139057
139062
139064
139068
139070
139073
139076
139086
139090
139094
139124
13914
139163
139165
139169
139171
139181
139186
139200
139211
139213
13922
139222
139223
139224
139225
139226
139228
139229
139233
139245
139248
139257
139262
139263
139274
139292
139296
1393
139300
139301
139305
139311
139313
139316
139317
139343
139345
139347
139348
139349
139350
139368
139370
139372
139385
139393
139407
139415
139417
139420
139423
139439
139440
139442
139454
139459
139464
139471
139474
139475
139476
139479
139482
139483
139489
139499
139500
139527
139529
139531
139533
139534
139535
139541
139549
139551
139555
139561
139572
139579
139597
139609
139621
139643
139654
139668
139669
139700
139701
139714
139716
139720
139723
139727
139728
139755
139776
139783
139784
139786
139788
139789
139792
139795
139797
139799
139801
139829
139836
139837
139838
139843
139860
139862
139865
139866
139869
139871
139882
139968
139974
140008
140029
140035
140038
140040
140057
140060
140078
140082
140085
140119
140121
140140
140141
140142
140144
140153
140155
140156
140161
140164
140168
140210
140215
140222
140227
140233
140251
140253
140256
140257
140262
140274
140276
140277
140284
140293
140300
140307
140384
140406
140411
140415
140417
140418
140420
140422
140423
140424
140440
140442
140445
140451
140453
140456
140462
140468
140483
140488
140492
140497
140498
140507
140520
140522
140526
140529
140535
140595
140596
140601
140607
140618
140620
140630
140656
140739
140785
140798
140898
140906
140975
140981
141001
14106
141091
141092
141099
141111
141146
141196
141198
1412
141200
141266
141272
141284
141286
141308
141645
14185
1419
142101
142241
142258
142266
142270
142271
142273
142284
142289
142291
142293
142313
142318
142321
142333
142338
142344
142357
142359
142381
142385
142402
142444
142450
142451
142454
142455
142532
142550
142601
142603
142616
142670
142677
142704
142707
142708
142721
142750
142753
142754
142762
142773
142775
142780
142782
142784
142794
142798
142822
142827
142829
142938
142942
142950
142959
142966
142978
143001
143008
143022
143031
143032
143055
143068
143076
143088
143101
143102
143119
143121
143135
143138
143156
143160
143168
143192
143197
143200
143207
143224
143274
143283
143306
143407
143587
143590
143596
143601
143609
143610
143632
143644
143666
143671
143674
143693
143699
143743
143745
143746
143748
143764
143809
143869
143918
144010
144016
144021
144024
144037
144050
144055
144075
144080
144086
144097
144114
144200
144280
144306
144349
144368
144383
144418
144429
144430
144432
144435
144440
144511
144589
144622
144653
144655
144727
144741
144748
144750
144755
144802
144849
14487
144947
144956
144963
144964
144968
144979
144980
145014
145020
145025
145047
14510
145117
145122
145149
145159
145257
145269
145274
145340
145368
145374
145398
145423
145583
145584
145586
145591
145595
145620
145627
145651
145657
145758
145760
145830
145889
145899
145902
145903
145937
145996
146003
146011
146020
146037
146058
146059
14607
146104
146111
146121
146288
146296
146305
146373
146374
146377
146410
146439
146450
146452
146453
146458
146459
146460
146462
146464
146475
146482
146486
146487
146500
146501
146510
146513
146514
146521
146527
146530
146536
146537
146545
146558
146561
146562
146568
146571
146589
146612
146621
146634
146636
146637
146645
146660
146672
146674
146687
146688
146691
146692
146695
146701
146702
146704
146710
146718
146741
146743
146744
146745
146748
146749
146750
146751
146753
146758
146759
146760
146762
146769
146786
146797
146838
146848
146932
146937
146939
146941
146944
146945
146952
146953
146954
146955
146956
146963
146969
146970
146973
146974
146992
146996
147000
147001
147004
147006
147007
147016
147020
147024
147042
147086
147088
147131
147196
147205
147237
147239
147292
147305
147419
147421
147424
147427
147440
147445
147449
147455
147461
147498
147518
14752
147559
147579
147584
147600
147613
147614
147619
147620
147621
147623
147627
147637
147660
147694
147700
147708
147712
147742
147752
147754
147777
147779
147782
147794
147806
147817
147903
147921
147923
147931
147964
148111
148119
148122
148123
148131
148137
148138
148140
148143
148144
148146
148159
148167
148194
148196
148200
148212
148217
148218
148224
148232
148253
148258
148302
148373
148403
148410
148423
148426
148430
148431
148434
148454
148470
148476
148478
148480
148518
148526
148544
148564
148569
148584
148622
148625
148634
148635
148673
148684
148685
148696
148700
148705
148706
148711
148720
148721
148729
148731
148739
148740
148741
148745
148751
148756
148758
148762
148764
148765
148771
148803
148808
148811
148814
148817
148828
148839
148854
148866
148872
148890
148999
149002
149027
149064
149066
149067
14907
149073
149077
149094
149097
149134
149136
149147
14916
149165
149178
149182
149184
149185
149194
149196
149215
149218
149224
149230
149231
149237
149241
149242
149257
149258
149263
149269
149270
149280
149292
149306
149309
149449
149568
149570
149571
149572
149598
149611
149612
149618
149619
149647
149654
149657
149662
149667
149668
149672
149673
149679
149687
149697
149717
149718
149721
149737
149770
149775
149780
149782
149790
149791
149804
149824
149825
149827
149831
149852
149857
149866
149975
149978
150024
150026
150035
150106
150174
150189
150228
150231
150249
150267
150278
150287
150309
150338
150340
150354
150359
150360
150368
150374
150382
150389
150403
150414
150415
150417
150418
150425
150447
150451
150468
150471
150472
150477
150490
150493
150496
150502
150508
150514
150515
150516
150525
150532
150539
150548
150549
150554
150559
150564
150565
150566
150568
150583
150588
150590
150594
150645
150650
150655
150656
150657
150669
150676
150677
150721
150724
150729
150735
150746
150761
150764
150810
150830
150891
150894
150898
150949
151019
151027
151095
151101
151120
151133
151135
151141
151144
151159
151168
151175
151184
151199
151208
151213
151225
151226
151270
151376
151389
151419
151473
151498
151508
151515
151568
151586
151590
151648
151658
151664
151708
151710
151753
151764
1518
151815
151871
151885
151891
151976
152031
152038
152039
152046
152047
152048
152065
152078
152080
152092
152095
152122
152126
152127
152132
152134
152147
152181
152211
152256
152265
152271
152273
152356
152454
152456
152463
152469
152480
152482
152483
152484
152493
152505
152507
152508
152511
152514
152519
152521
152522
152523
152536
152541
152554
152555
152558
152567
152574
152588
152590
152594
152598
152603
152609
152616
152618
152620
152621
152629
152643
152645
152650
152678
152690
152695
152697
152699
15270
152712
152718
152723
152724
152725
152729
152735
152736
152739
152740
152741
152743
152745
152746
152747
152748
152750
152761
152778
152787
152789
152795
152798
152800
152815
152817
152819
152821
152822
152825
152826
152828
152830
152831
152840
152843
152847
152855
152866
152870
152875
152876
152879
152880
152883
152887
152893
152894
152896
152899
152900
152902
152907
152908
152909
152912
152914
152916
152920
152922
152926
152927
152933
152950
152961
152990
152991
152992
152993
152996
152997
152999
153004
153014
15302
153042
153045
153048
153052
153060
153064
153079
153084
153087
153100
153144
153148
153150
153160
153164
153175
153177
153185
153195
153197
153205
153221
153222
153240
153244
153255
153260
153267
153275
153282
153283
153292
153293
153295
153296
153297
153298
153302
153608
1539
15390
153934
153938
154244
154442
154454
154472
154479
154543
154545
154546
154563
154568
154634
154738
154867
154875
154950
154954
155018
155035
155041
155086
1551
155264
155266
155267
155272
155277
155289
155295
155296
155299
155309
155315
155317
155325
155328
155330
155334
155339
155340
155344
155348
155349
155351
155352
155355
155368
155376
155383
155407
155408
155420
155422
155446
155447
155463
155494
155517
15552
155524
155525
155530
155532
155533
155534
155537
155541
155551
155567
155584
155586
155589
155592
155598
155611
155615
155617
155621
155625
155631
155646
155655
155671
155676
155681
155694
155724
155739
155740
155742
155757
155798
155807
155808
155810
155811
155813
155820
155827
155835
155852
155854
155858
155861
155862
155863
155870
155871
155877
155881
155883
155884
155885
155886
155887
155891
155896
155897
155898
155901
155902
155910
155915
155929
155930
155931
155937
155946
155954
155956
155961
155964
155972
155974
155976
155977
155979
155981
155984
155989
156008
156012
156017
156025
156094
156097
156112
156120
156124
156128
156129
156142
156162
156164
156165
156166
156167
156170
156173
156216
156221
156222
156227
156233
156252
156253
156256
156257
156259
156271
156272
156275
156282
156289
156299
156301
156308
156313
156315
156321
156331
156342
156358
156368
156371
156373
156375
156376
156385
156412
156413
156414
156421
156422
156423
156432
156433
156434
156438
156443
156453
156462
156464
156467
156473
156477
156484
156496
156500
156506
156511
156518
156519
156530
156535
156542
156544
156545
156549
156555
156585
156593
156600
156616
156623
156625
156634
156649
156650
156655
156664
156675
156676
156677
156678
156681
156683
156688
156689
156698
156704
156707
156711
156713
156722
156723
156726
156745
156768
156776
156786
156801
156838
156876
156894
156905
156908
156914
156920
156939
156950
156956
156959
156961
156975
156986
156988
157006
157018
157020
157022
157030
157031
157035
157038
15704
157053
157060
157071
157076
157089
15709
157098
157099
157117
157128
157133
157143
157168
157190
157191
157217
157226
15723
157240
157269
157270
157279
157293
157295
157300
157301
157304
157305
157306
157310
157331
157371
157392
157393
157397
157403
157405
157407
157408
157412
157427
157430
157432
157434
157463
157470
157479
157481
157482
157492
157493
157495
157502
157503
157511
157515
157518
157520
157521
157528
157537
157546
157573
157581
157582
157589
157592
157617
157618
157629
157661
157663
157665
157675
157678
157680
157682
157687
157698
157703
157706
157707
157716
157723
157727
157734
157741
157752
157757
157774
157786
157787
157791
157797
157801
157803
157823
157840
157936
157941
157945
157947
157948
157954
157957
157978
157983
15800
158023
158036
158085
158086
158087
158088
158089
158111
158121
158127
158128
158131
158132
158133
158138
158142
158144
158151
158167
158172
158178
158185
158196
158216
158221
158227
158228
158232
158242
158254
158260
158268
158271
158282
158333
158351
158370
158372
158375
158385
158394
158420
158428
158435
158438
158440
158443
158444
158453
158455
158476
158485
158505
158522
158525
158540
158541
158543
158589
158595
158624
158625
158626
158627
158657
158664
158667
158675
158676
158677
158678
158685
158716
158718
158734
158738
158742
158746
158766
158777
158795
158797
158799
158800
158804
158806
158810
158817
158826
158851
158855
158856
158867
158871
158877
158879
158887
158902
158905
158912
158915
158932
158933
158937
158963
158994
158996
159000
159001
159005
159017
159028
159034
159039
159040
159042
159043
159051
159065
159073
159074
159077
159080
159096
159145
159147
159160
159167
159168
159171
159172
159175
159197
159202
159216
159233
159234
159236
159240
159241
159255
159256
159261
159265
159274
159278
159283
159284
159287
159295
159302
159315
159330
159354
159357
159370
159379
159381
159418
159436
159447
15947
159487
159490
159495
159499
159506
159510
159512
159518
159529
159566
159577
159578
159579
159580
159581
159582
159583
159595
159599
15976
159818
159819
159824
15992
16
160292
160293
160294
160295
160305
160310
160311
160316
160527
160556
160578
160593
160615
160642
160741
160744
160760
160766
160769
160770
160772
160774
16097
1611
161215
161237
16125
161468
161510
161530
161596
161626
161642
161644
161646
161648
161651
161658
161664
161665
161667
161678
161682
161690
161697
161700
161733
161735
161737
161754
16177
161776
161780
161781
161787
161793
161801
161804
161805
161807
161832
161834
161836
161840
161841
161857
161861
161863
161871
161882
161921
161930
161938
161943
161956
161969
161977
161998
161999
162004
162006
162008
162024
162025
162029
162039
162040
162043
162045
162047
162052
162053
162054
162056
162070
162072
162074
162123
162126
162128
162131
162134
162145
162147
162172
162173
162174
162193
162198
162210
162220
162221
162222
162223
162226
162234
162240
162245
162265
162267
162280
162297
162312
162313
162314
162315
162328
162329
162335
162342
162343
162347
162365
162369
162389
162391
162397
162399
162407
162408
162409
162411
162417
162441
162454
162455
162470
162471
162473
162476
1625
162505
162512
162514
16254
16261
162685
162776
162779
162780
162796
162821
162827
162829
162835
162860
162869
162884
162886
162888
162889
162890
162891
162892
162893
162895
162896
162899
162900
162901
162926
162927
162928
162932
162949
162978
162979
162980
162981
162982
162993
162997
163011
163018
163023
163036
163039
163043
163049
163050
163051
163057
163072
163083
163092
163116
163124
163135
163141
163143
163145
163147
163148
163155
163156
163158
163161
163167
163168
163169
163170
163184
163186
163187
163203
163207
163209
163212
163226
163254
163261
163263
163264
163265
163287
163301
163302
163303
163306
163339
163340
163342
163346
163347
163350
163351
163352
163356
163363
163365
163369
163370
163371
163393
163396
163402
163405
163407
163415
163418
163419
163423
163424
163425
163429
163445
163461
163466
163474
163476
163477
163479
163480
163488
163489
163490
163491
163492
163495
163500
163526
163527
163530
163569
163570
163571
163578
163579
163581
163582
163584
163585
163587
163600
163608
163609
163611
163613
163616
163619
163621
163625
163626
163627
163631
163634
163640
163653
163658
163661
163664
163665
163666
163670
163678
163693
163694
163697
163699
1637
163705
163711
163713
163730
163731
163734
163754
163756
163757
163761
163762
163766
163768
163774
163779
163791
163794
163796
163803
163804
163806
163810
163821
163824
163828
163848
163855
163856
163865
163870
163873
163890
163897
163898
163901
163907
163908
163913
163925
163927
163928
163955
163972
163979
163985
163987
163989
163990
163991
163994
163995
163999
164
164008
164010
164029
164041
164076
164079
164080
164082
164092
164094
164103
164114
164136
164149
164162
164169
164182
164199
164204
164211
164233
164234
164239
164240
164256
164279
164281
164288
164299
164300
164301
164320
164335
164339
164361
164370
164376
164378
164384
164407
164417
164431
164435
164459
164462
164464
164465
164467
164468
164469
164470
164471
164477
164478
164484
164491
164493
164495
164505
164507
164514
164522
164529
164542
164543
164556
164559
164561
164568
164571
164572
164579
164581
164585
164587
164598
164608
164610
164612
164613
164618
164620
164626
164630
164633
164635
164642
164643
164645
164657
164680
164722
164734
164760
164764
164766
164768
164769
164770
164771
164773
164827
164829
164835
164839
164849
164851
164852
164853
164854
164855
164856
164857
164858
164859
164873
164876
164878
164880
164890
164907
164910
164911
164957
164959
164967
164973
164977
164978
164979
164985
164986
164994
164996
165001
165003
165010
165012
165021
165025
165027
165031
165033
165065
165070
165109
165153
165161
165169
165174
165176
165178
165179
165180
165185
165190
165191
165195
165219
165226
165229
165230
165232
165233
165234
165235
165237
165239
165240
165241
165243
165244
165247
165255
165263
165267
165269
165314
165316
165321
165329
165403
165404
165416
165427
165429
165434
165435
165440
165441
165446
165449
165451
165455
165456
165458
165460
165468
165474
165490
165494
165501
165502
165503
165505
165509
165517
165520
165526
165536
165546
165547
165555
165564
165568
165578
165580
165586
165615
165662
165667
165671
165673
165677
165715
165716
165722
165724
165735
165736
165738
165740
165748
165754
165756
165760
165769
165783
165784
165788
165790
165792
165793
165804
165805
165809
165816
165820
165825
165856
165857
165862
165867
165868
165879
165880
165882
165885
165888
165889
165890
165891
165903
165908
165909
165911
165925
165932
165937
166020
166038
166039
166072
166073
166074
166080
166082
166088
166093
166113
166114
166117
166118
166119
166120
166121
166122
166123
166124
166129
166137
166146
166149
166314
166315
166376
166382
166387
166406
166440
166664
166675
166676
166690
166691
166706
166708
166710
166713
166736
166744
166750
166764
166779
166838
166841
166844
166847
166848
166850
166851
166853
166855
166862
166879
166906
166918
166919
166924
166928
166937
166940
166943
167005
167054
167078
167086
167098
167100
167101
167111
167134
167135
167159
167180
167198
167208
167232
167237
167283
167285
167302
167305
167306
167308
167328
167329
167362
167367
167382
167384
167393
167397
167413
167414
167423
167424
167425
167426
167430
167431
167435
167436
167452
167495
167497
167499
167510
167513
167514
167515
167516
167518
167519
167520
167521
167524
167525
167526
167529
167530
167531
167532
167536
167538
167539
167549
167553
167559
167560
167561
167569
167571
167575
167590
167599
167600
167601
167603
167614
167624
167626
167627
167628
167646
167653
167654
167662
167664
167666
167667
167669
167680
167683
167691
167693
167694
167695
167697
167705
167706
167749
167797
167803
167812
167833
167834
167836
167838
167841
167867
167868
167874
167905
167919
167925
167926
167931
167933
167936
167940
167943
167946
167948
167954
167958
167959
167963
167967
167974
167983
167985
168283
168290
168293
168294
168297
168303
168312
168317
168326
168329
168341
168345
168347
168354
168362
168365
168375
168379
168397
168403
168405
168435
168440
168444
16845
168472
168473
168484
168518
168530
168542
168561
168565
168567
168580
168583
168584
168585
168587
168590
168593
168600
168605
168607
168609
168610
168621
168629
168630
168633
168650
168651
168655
168676
168730
168732
168798
168799
168864
168865
168866
168869
168879
168880
168881
168882
168883
168888
168898
168913
168930
168941
168943
168950
168961
168962
168964
168965
16897
168974
168981
168983
168984
169006
169043
169051
169053
169063
169067
169069
169071
169072
169078
169085
169087
169093
169100
169102
169106
169112
169118
169126
169144
169150
169152
169155
169158
169159
169163
169169
169174
169181
169184
169191
169195
169198
169207
169208
169210
169214
169216
169221
169223
169263
169267
169281
169317
169324
169329
169337
169343
169345
169347
169348
169366
169383
169386
169387
169388
169389
169391
169393
169403
169404
169405
169407
169408
169410
169414
169415
169416
169422
169423
169424
169426
169432
169435
169441
169445
169446
169447
169448
169450
169451
169452
169458
169461
169464
169465
169474
169479
169481
169483
169489
169493
169495
169498
169502
169509
169521
169527
169534
169537
169539
169544
169551
169568
169571
169575
169578
169584
169586
169588
169590
169591
169593
169595
169596
169597
169600
169602
169604
169607
169609
169619
169623
169631
169633
169638
169639
169641
169642
169644
169645
169648
169649
169650
169697
169700
169701
169705
169706
169708
169709
169710
169713
169714
169721
169725
169736
169755
169758
169764
169770
169784
169792
169800
169804
169805
169806
169808
169815
169817
169820
169843
169844
169850
169852
169856
169858
169862
169898
169901
169907
169909
169912
169913
169919
169933
169934
169938
169939
169941
169947
169954
169972
169978
170008
170009
170015
170027
170039
170051
170056
170069
170072
170074
170078
170082
170084
170095
170102
170104
170110
170144
170149
170159
170163
170164
170213
170229
170231
170249
170252
170255
170281
170286
170288
170290
170300
170305
170307
170309
170320
170338
170342
170345
170346
170349
170353
170355
170368
170369
170370
170428
170438
170445
170446
170456
170457
170472
170475
170481
170494
17051
170514
170516
170523
170529
170551
170565
170568
170569
170570
170585
170592
170597
170602
170612
170615
170632
170635
170660
170664
170689
170719
170720
170723
170733
170748
170760
170766
170770
170771
170773
170783
170785
170795
170797
170798
170802
170809
170814
170815
170818
170830
170854
170865
170877
170879
170890
170902
170903
170912
170915
170916
170919
170923
170936
170949
170964
170966
170972
170987
170988
170991
171006
171016
171017
171018
171019
171020
171033
171044
171050
171063
171067
171077
171082
171083
171087
171088
171097
171104
171106
171137
171139
171146
171152
171162
171183
171187
171189
171190
171191
171201
171232
171247
171273
171289
171311
171315
171318
171320
171321
171330
171363
171364
171369
171375
171376
171377
171378
171391
171394
171402
171446
171459
17146
171472
171480
171502
171555
171565
171574
171578
171579
171587
171593
171594
171601
171609
171620
171626
171635
171636
171637
171677
171682
171688
171699
171721
171732
171754
171765
171772
171774
171780
171783
171787
171791
171806
171810
171816
171828
171830
171831
171833
171867
171868
171875
171877
171880
171881
171889
171892
171896
171897
171899
171900
171906
171919
171923
171933
171968
171970
171971
171972
171973
171975
171977
171982
171983
171986
171992
171993
171994
171995
172002
172013
172014
172018
172035
172041
172048
172049
172050
172055
172063
172068
172070
172076
172077
172092
172094
172098
172110
172114
172116
172122
172138
172140
172141
172143
172149
172175
172177
172178
172179
172188
172190
172195
172198
172199
172200
172203
172207
172208
172210
172232
172233
172244
172249
172258
172262
172265
172267
172280
172281
172283
172285
172290
172294
172295
172297
172316
172322
172325
172327
172373
172412
172418
172423
172425
172456
172470
172475
172477
172484
172494
172516
172517
172522
172529
172547
172549
172553
172555
172560
172561
172568
172572
172573
172574
172586
172594
172610
172613
172620
172623
172630
172632
172640
172648
172649
172652
172653
172654
172659
172669
172672
172684
172685
172691
172695
172696
172700
172705
172713
172716
172722
172723
172743
172756
172768
172780
172807
172808
172813
172821
172822
172823
172835
172843
172844
172850
172855
172858
172862
172871
172879
172881
172882
172886
172904
172928
172936
172937
172939
172944
172948
172949
172950
172952
172953
172960
172962
172966
173023
173026
173030
173033
173038
173040
173073
173097
1731
173128
173130
173132
173146
173147
173155
173158
173160
173162
173165
173179
173198
173199
173204
173208
173210
173211
173212
173221
173228
173300
173305
173306
173325
173326
173346
173349
173360
173361
173370
173373
173383
173401
173414
173415
173426
173430
173432
173434
173436
173440
173444
173450
173454
173467
173470
173472
173474
173483
173484
173491
173498
173514
173518
173521
173529
173530
173531
173532
173533
173538
173546
173549
173555
173568
173579
173581
173600
173602
173608
173614
173631
173643
173649
173654
173656
173659
173660
173666
173667
173671
173673
173681
173695
173703
173731
173734
173735
173752
173758
173765
173770
173771
173785
173792
173804
173805
173812
173815
173818
173834
173835
173836
173837
173857
173859
173889
173891
173893
173895
173899
173909
173987
174003
174013
174045
174134
174203
174204
174206
174210
174360
174379
174382
174400
174402
174407
174425
174439
174440
174441
174443
174448
174451
174542
174543
174549
174551
174572
174596
174603
174604
174606
174665
174669
174732
174737
174746
174753
174804
174808
174812
174859
174904
174941
175033
175088
175092
175105
175141
175146
175147
175243
175246
175253
175254
175255
175313
175314
175316
175323
175365
175367
175379
175381
175386
175387
175389
175391
175393
175395
175409
175462
175562
175563
175565
175567
175603
175608
175613
175657
175671
175672
175676
175683
175688
175721
175724
175753
175759
175787
175789
175816
175818
175835
175847
175866
175892
175893
175894
175895
175897
175911
175932
175934
175941
175943
175961
175962
175964
175966
175990
175996
176007
176009
176014
176018
176019
176023
176024
176028
176029
176030
176031
176035
176038
176048
17605
176057
176058
176061
176062
176071
176075
176078
176094
176095
176102
176103
176104
176107
176123
176137
176154
176202
176207
176209
176210
176219
176224
176226
176230
176235
176236
176237
176240
176241
176253
176254
176255
176256
176257
176259
176262
176264
176266
176270
176280
176284
176285
176296
176301
176306
176310
176311
176312
176316
176317
176319
176322
176325
176328
176341
176345
176346
176347
176349
17635
176357
176362
176368
176370
176371
176378
176380
176383
176387
176388
176389
176390
176392
176396
176402
176403
176406
176408
176414
176417
176418
176419
176425
176427
176428
176430
176442
176451
176459
176479
176480
176481
176482
176483
176485
176491
176494
176518
176545
176546
176550
176552
176553
176564
176571
176572
176575
176580
176586
176592
176600
176605
176608
176609
176611
176613
176618
176619
176621
176623
176627
176628
176631
176633
176635
176636
176674
176676
176680
176681
176684
176687
176688
176692
176693
176709
176712
176717
176720
176731
176732
176733
176741
176756
176757
176758
176766
176768
176769
176770
176773
176775
176780
176790
176792
176793
176794
176795
176798
176799
176801
176803
176807
176809
176812
176815
176839
176841
176842
176844
176846
176847
176858
176862
176863
176865
176870
176880
176894
176895
176901
176903
176915
176917
176927
176928
176930
176934
176941
176942
176944
176949
176955
176956
176957
176964
176966
176969
176984
176985
176987
176991
176992
176993
176997
177003
177004
177015
177016
177019
177022
177035
177036
177041
177046
177049
177051
177052
177055
177056
177076
177084
177095
177100
177103
177105
177106
177113
177117
177121
177125
177126
177128
177129
177132
177134
177136
177146
177149
177150
177152
177153
177159
177160
17725
177261
177264
177266
177273
177278
177279
177280
177282
177284
177285
177288
177289
177294
177310
177311
177313
177315
177320
177322
177324
177326
177358
177361
177363
177367
177368
177373
177388
177389
177390
177392
177393
177396
177397
177398
177401
177404
177407
177408
177409
177411
177413
177414
177418
177424
177426
177442
177447
177455
177457
177458
177461
177462
177464
177473
177475
177479
177481
177482
177483
177485
177488
177490
177495
177508
177509
177515
177519
177520
177521
177525
177528
177529
177533
177537
177543
177544
177546
177549
177553
177558
177564
177568
177569
177571
177572
177573
177576
177578
177582
177584
177588
177589
177590
177592
177597
177598
177600
177602
177603
177604
177605
177610
177615
177617
177618
177619
177621
177633
177634
177635
177637
177639
177641
177642
177643
177644
177646
177649
177657
177666
177667
177672
177673
177678
177683
177684
177690
177692
177696
177699
177709
177712
177713
177718
177719
177723
177726
177733
177747
177752
177761
177762
177763
177765
177766
177769
177771
177772
177781
177784
177790
177793
177799
177800
177802
177803
177804
177815
177818
177821
177823
177825
177829
177831
177860
177864
177868
177875
177877
177878
177883
177886
177887
177896
177902
177904
177905
177906
177912
177915
177920
177922
177924
177928
177934
177935
177937
177947
177953
177955
177958
177960
177962
177963
177965
177969
177971
177974
177975
177976
177980
177981
177983
177984
177988
177989
178000
178005
178006
178007
178014
178019
178024
178031
178032
178033
178036
178037
178040
178041
178042
178043
178047
178051
178054
178055
178056
178059
178063
178066
178076
178084
178085
178086
178087
178088
178089
178091
178100
178106
178108
17811
178110
178111
178113
178115
178116
178117
178132
178135
178136
178139
178140
17815
178152
178160
178164
178165
178167
178171
178177
178179
178187
178189
178192
178194
178197
17820
178211
178213
178215
178217
178218
178220
178221
178222
178224
178233
178236
178237
178246
178250
178251
178253
178255
178256
178264
178267
178277
178278
178281
178284
178287
178289
178297
178298
178311
178312
178313
178315
178316
178317
178318
178319
178322
178323
178328
178360
178363
178367
178372
178374
178379
178391
178392
178393
178412
178414
178415
178416
178417
178418
178420
178424
178425
178430
178431
178433
178435
178437
178448
178449
178451
178452
178456
178461
178470
178475
178479
178485
178487
178490
178502
178508
178509
178513
178518
178520
178535
178540
178544
178552
178554
178556
178562
178563
178565
178566
178567
178571
178584
178585
178589
178590
178593
178599
178603
178604
178616
178620
178625
178626
178628
178679
178684
178685
178687
178691
178694
178703
178707
178713
178742
178746
178750
178758
178764
178767
178768
179059
179071
17912
179474
179509
179527
179528
179537
17954
179540
179542
179544
179546
179547
179549
179551
179552
179560
179561
179563
179565
179569
179574
179575
179586
179587
179589
179591
179592
179600
179602
179605
179609
179612
179613
179616
179624
179626
179633
179634
179636
17964
179641
179643
179645
179646
179647
179652
179654
179660
179663
179665
179666
179668
179670
179680
179684
179685
179686
179692
179695
179696
179702
179703
179704
179708
179711
179712
179713
179714
179715
179725
179728
179731
179733
179736
179745
179746
179751
179752
179757
179767
179768
179778
179782
179783
179784
179787
179794
179800
179802
179803
179806
179808
179810
179811
179813
179816
179820
179822
179831
179834
179839
179840
179844
179845
179846
179847
179853
179855
179856
179860
179864
179869
179871
179873
179874
179875
179876
179886
179887
179896
179897
179899
179901
179902
179903
179904
179909
179911
179917
179918
17992
179922
179924
179928
179930
179931
179934
179941
179942
179944
179952
179954
179955
179960
179961
179972
179973
179982
179983
179984
180174
180175
180178
180181
180183
180206
180216
180228
180229
180250
180255
180256
180262
180267
180268
180270
180271
180278
180279
180280
180283
180284
180287
180289
180293
1803
180316
180333
180334
180337
180342
180351
180352
180357
180359
180382
180384
180400
180403
180404
180405
180407
180408
180409
180430
180432
180433
180440
180444
180455
180459
180497
180575
180588
180591
180595
180613
180614
180635
180669
180671
180674
180679
180680
180683
180685
180689
180690
180693
180695
180700
180702
180706
180708
180714
180716
180721
180724
180726
180728
180729
180731
180733
180738
180739
180740
180746
180748
180749
180752
180753
180755
180760
180766
180772
180775
180779
180780
180783
180796
180818
180819
180826
180840
180881
180894
180903
180930
180931
180942
180974
180980
180981
180983
180994
181001
181006
181007
181010
181013
181014
181015
181017
181019
181022
181023
181024
181030
181098
181106
181108
181113
181114
181120
181131
181132
181134
181149
181180
181199
181205
18121
181214
18122
181223
181228
181238
181240
181247
181250
181252
181258
181259
181262
181267
181269
181271
181274
181276
181281
181287
181291
181298
181307
181310
181311
181318
181321
181339
181343
181344
181349
181363
181364
181370
181371
181375
181376
181377
181379
181380
181381
181383
181384
181387
181392
181394
181395
181398
181402
181412
181413
181417
181436
181445
181451
181452
181455
181456
181457
181458
181459
181460
181462
181466
181468
181472
181477
181479
181480
181481
181483
181490
181491
181492
181493
181499
181504
181506
181512
181514
181520
181521
181557
181558
181559
181560
181573
181661
181681
181687
181699
181721
181725
181726
181734
181737
181738
181739
181776
181777
181780
181783
181785
181786
181792
181794
181795
181796
181797
181809
181814
181815
181816
181820
181827
181828
181866
181870
181871
181872
181879
181894
181895
181896
181898
181907
181910
181917
181922
181926
181989
181991
182001
182002
182003
182004
182053
182081
182087
182091
182103
182105
182106
182107
182111
182112
182124
182126
182129
182130
182133
182139
182145
182147
182152
182154
182156
182159
182160
182166
182168
182177
182178
182179
182182
182184
182194
182201
182206
182207
182209
182211
182212
182255
182260
182263
182268
182270
182288
182303
182365
182366
182409
182432
182435
182440
182441
182442
182483
182489
182493
182494
182495
182496
182497
182520
182521
182524
182528
182579
182593
182612
182617
182627
182628
182629
182630
182632
182641
182649
182677
182688
182690
182691
182694
182695
182696
182704
182713
182728
182729
182733
182735
182736
182740
182741
182743
182744
182748
182761
182763
182769
182772
182816
182818
182819
182822
182827
182836
182837
182844
182850
182859
182860
182861
182862
182864
182866
182867
182870
182874
182877
182878
182879
182882
182883
182887
182888
18289
182895
182896
182897
182905
182908
182909
182915
182923
182930
182941
182943
182944
182945
182983
183025
183043
183064
183066
183068
183069
183070
183097
183108
183113
183118
183122
183125
183129
183130
183138
183140
183141
183142
183143
183144
183145
183146
183147
183151
183156
183177
183183
183187
183188
183197
183204
183220
183228
183233
183236
183240
183244
183248
183249
183251
183254
183256
183257
183272
183277
183280
183283
183284
183285
183286
183287
183288
183289
183309
183311
183315
183322
183331
183332
183333
183335
183339
183344
183346
183347
183353
183354
183356
183360
183361
183362
183363
183365
183366
183368
183369
183376
183377
183381
183382
183385
183389
183391
183392
183393
183394
183395
183400
183409
183410
183412
183414
183420
183422
183423
183426
183427
183428
183429
183433
183436
183437
183440
183442
183449
183450
183452
183453
183454
183457
183460
183465
183466
183468
183470
183471
183475
183477
183480
183483
183486
183488
183490
183491
183492
183497
183498
183513
183514
183515
183517
183518
183519
183520
183524
183526
183527
183530
183533
183540
183542
183544
183545
183546
183552
183553
183555
183556
183559
183564
183565
183567
183568
183569
183573
183574
183575
183578
183579
183580
183581
183589
183593
183598
183599
183600
183601
183605
183606
183607
183614
183621
183632
183640
183641
183643
183644
183645
183648
183649
183654
183658
183660
183661
183662
183665
183666
183671
183681
183682
183686
183691
183695
183699
183700
183706
183708
183711
183712
183714
183715
183720
183722
183723
183730
183736
183740
183741
183743
183745
183765
183766
183768
183774
183778
183780
183781
183784
183785
183789
183792
183795
183796
183797
183800
183804
183805
183807
183811
183813
183815
183819
183820
183823
183847
183848
183853
183855
183858
183862
183865
183869
183870
183871
183872
183873
183883
183885
183887
183891
183892
183893
183894
183895
183896
183898
183899
183900
183901
183905
183907
183909
183910
183916
183918
183920
183921
183924
183925
183926
183933
183936
183937
183938
183939
183940
183944
183945
183955
183965
183966
183969
183973
183975
183982
183987
183993
183994
183995
183999
184001
184010
184013
184027
184031
184035
184037
184038
184039
184042
184048
184055
184065
184069
184071
184082
184083
184084
184085
184087
184088
184089
184111
184120
184124
184125
184133
184134
184135
184139
184141
184144
184148
184151
184154
184156
184158
184167
184171
184176
184188
184189
184200
184202
184217
184218
184220
184223
184229
184242
184243
184249
184250
184255
184261
184266
184267
184268
184269
184270
184271
184273
184274
184278
184282
184283
184285
184287
184288
184290
184291
184296
184300
184301
184310
184312
184323
184328
184331
184333
184334
184336
184337
184338
184339
184341
184344
184350
184352
184368
184370
184383
184387
184392
184395
184396
184397
184398
184399
184407
184410
184412
184417
184431
184432
184433
184434
184436
184437
184442
184448
184450
184451
184454
184456
184457
184466
184467
184468
184469
184471
184472
184473
184474
184477
184480
184482
184484
184489
184490
184491
184492
184501
184502
184512
184514
184515
184519
184520
184523
184527
184543
184549
184550
184557
184558
184565
184575
184581
184584
184585
184587
184589
184599
184607
184611
184614
184615
184624
184630
184633
184634
184635
184641
184643
184663
184664
184673
184681
184696
184698
184703
184704
184705
184706
184707
184716
184726
184730
184747
184749
184750
184753
184755
184757
184763
184764
184765
184766
184768
184771
184772
184777
184780
184781
184785
184788
184789
184794
184798
184801
184802
184807
184815
184820
184823
184826
184836
184843
184847
184850
184851
184852
184853
184855
184858
184872
184873
184878
184881
184885
184890
184895
184896
184898
184900
184901
184913
184920
184924
184926
184927
184928
184935
184941
184943
184944
184949
184951
184952
184965
184966
184967
184972
184976
184980
184981
184982
184988
184997
184999
185
185000
185010
185014
185017
185018
185019
185020
185026
185030
185038
185046
185053
185054
185056
185061
185063
185064
185068
185072
185073
185075
185083
185086
185089
185090
185103
185109
185117
185118
185120
185122
185129
185132
185135
185143
185146
185163
185165
185170
185172
185173
185174
185181
185183
185192
185194
185195
185199
185200
185207
185214
185221
185226
185229
185239
185249
185250
185255
185256
185260
185263
185265
185267
185271
185288
185306
185310
185313
185316
185339
185349
185360
185373
185376
185380
185394
185405
185420
185422
185427
185437
185438
18591
1860
186098
186100
186101
186102
186103
186111
186112
186115
186116
186117
186122
186126
186128
186130
186132
186133
186134
186135
186136
186137
186139
186140
186143
186144
186146
186147
186148
186152
186153
186155
186156
186157
186158
186160
186161
186162
186167
186170
186171
186172
186177
186190
186191
186193
186194
186197
186198
186200
186201
186232
186233
186238
186241
186253
186258
186260
186264
186267
186272
186274
186293
186296
186300
186302
186306
186307
186325
186330
186332
186333
186335
186336
186337
186345
186346
186347
186351
186352
186361
186378
186380
186382
186384
186385
186389
186392
186395
186400
186405
186408
186414
186415
186420
186422
186430
186433
186434
186444
186449
186450
186451
186452
186453
186456
186494
186497
186500
186502
186503
186504
186507
186508
186513
186514
186515
186518
186519
186521
186524
186526
186528
186529
186531
186533
186536
186537
186538
186539
186540
186541
186547
186549
186550
186551
186553
186558
186559
186561
186562
186564
186565
186568
186569
186572
186578
186579
186581
186586
186587
186589
186590
186594
186595
186598
186600
186604
186607
186614
186627
186630
186633
186637
186639
186642
186643
186644
186645
186648
186650
186655
186656
186661
186666
186672
186674
186678
186680
186681
186682
186684
186687
186689
186695
186697
186702
186705
186710
186715
186719
186721
186722
186724
186725
186728
186747
186748
186751
186752
186753
186755
186756
186765
186769
186776
186777
186778
186783
186784
186789
186793
186798
186801
186805
186817
186818
186823
186824
186825
186829
186830
186832
186834
186838
186839
186842
186845
186847
186849
186852
186853
186865
186869
186876
186881
186884
186890
186895
186900
186902
186904
186905
186912
186922
186924
186925
186935
186937
186939
186941
186942
186950
186952
186953
186961
186962
186966
186979
186982
186989
186990
186992
186993
186995
186998
186999
187006
187013
187016
187020
187026
187027
187028
187031
187033
187038
187041
187042
187043
187047
187048
187051
187052
187062
187063
187069
187072
187073
187075
187076
187077
187078
18708
187083
187084
187085
187086
187089
187090
187094
187110
187113
187132
187144
187145
187146
187150
187151
187154
187157
187171
187175
187176
187178
187180
187181
187182
187183
187184
187193
187198
187205
187206
187208
187210
187215
187218
187219
187228
187238
187244
187245
187253
187254
187256
187265
187268
187275
187276
187279
187285
187289
187296
187297
187298
187301
187310
187323
187324
187329
187335
187337
187338
187339
187343
187345
187347
187350
187353
187359
187361
187363
187366
187378
187382
187398
187404
187410
187415
187421
187424
187426
187444
187447
187449
187450
187454
187455
187456
187457
187463
187478
187487
187489
187491
187492
187493
187494
187497
187498
187499
187513
187515
187516
187517
187518
187522
187523
187524
187528
187531
187533
187535
187548
187549
187552
187558
18756
187568
187570
187572
187576
187589
187590
187598
18760
187601
187602
187603
187605
187607
187608
187619
187620
187634
187644
187652
187659
18766
187666
187671
187679
187682
187683
187687
187688
187701
187702
187705
187706
18771
187732
187734
187735
187736
187752
187755
187759
187760
187761
187763
187764
187766
187768
187773
187782
187789
187790
187797
187798
187800
187804
187815
187818
187830
187846
18785
187850
187852
187857
187858
187859
187865
187870
187875
187878
187891
187895
187896
187898
187899
187900
187916
187918
187920
187924
187925
187935
187936
187937
187940
187942
187944
187954
187955
187959
187961
187962
187981
187982
187988
187989
187991
187998
188001
188005
188010
188013
188017
188021
188025
188030
188031
188033
188040
188041
188042
188044
188045
188061
188063
188070
188071
188072
188074
188075
188076
188086
188091
188092
188093
188094
188095
188102
188103
188105
188107
188111
188122
188126
188132
188133
188135
188145
188146
188147
188152
188153
188154
188155
188157
188161
188164
188166
188167
188168
188170
188175
188177
188178
188181
188182
188185
188196
188197
188200
188206
188227
188230
188232
188234
188236
188253
188257
188264
188268
188270
188271
188272
188274
188277
188278
188282
188285
188287
188289
188297
188308
188312
188316
188320
188325
188330
188334
188337
188341
188346
188350
188352
188370
188375
188376
188377
188378
188381
188383
188385
188386
188387
188388
188390
188394
188397
188400
188403
188406
188407
188412
188413
188416
188417
188424
188425
188427
188428
188430
188432
188484
188485
188487
188489
188490
188492
188499
188506
188515
188522
188534
188537
188538
188540
188541
188545
188550
188554
188556
188560
188561
188563
188566
188567
188572
188575
188580
188585
188586
188587
188590
188593
188597
188599
188600
188601
188602
188603
188605
188607
188610
188612
188616
188617
188620
188621
188625
188654
188657
188662
188669
188671
188679
188687
188689
188693
188696
188706
188720
188721
188724
188727
188753
188756
188762
188763
188765
188768
188770
188772
188773
188775
188779
188781
188782
188783
188788
188789
188791
188792
188796
188802
188805
188807
188808
188813
188816
188819
188821
188823
188824
188826
188829
188831
188834
188836
188839
188840
188841
188844
188851
188856
18886
188871
188872
188876
188877
188879
188881
1889
188900
188913
188916
188917
188919
188922
188924
188926
188930
188931
188935
188936
188938
188942
188943
188949
188954
188956
188967
188968
188969
188970
188975
188978
188982
188988
188989
188992
188994
188997
189000
189001
189003
189007
189013
189018
189024
189034
189035
189038
189040
189043
189047
189053
189059
189060
189061
189065
189067
189068
189077
189084
189085
189093
189094
189098
189105
189106
189109
189110
189111
189115
189117
189118
189120
189121
189125
189132
189133
189134
189135
189141
189142
189143
189146
189148
189153
189155
189156
189157
18916
189160
189163
189165
189167
189169
189171
189172
189174
189175
189177
189181
189184
189185
189186
189188
18919
189192
189196
189206
189207
189208
189209
189211
189212
189217
189218
189221
189225
189227
189228
18923
189231
189233
189234
189235
189237
189238
189241
189242
189246
189248
189250
189251
189253
189259
189261
189263
189267
189271
189272
189278
189280
189282
189287
189288
189291
189295
189296
189298
189299
189300
189303
189307
189308
189309
189311
189312
189316
189317
189324
189325
189326
189328
189331
189332
189337
189338
189339
189340
189342
189349
189352
189354
189358
189362
189364
189369
189371
189373
189377
189383
189386
189387
189388
189389
189390
189391
189392
189394
189397
189403
189404
189408
189409
189415
189423
189425
189426
189430
189431
189432
189433
189436
189437
189438
189439
189446
189447
189449
189456
189457
189459
189461
189462
189464
189468
189470
189475
189477
189480
189482
189484
189485
189488
189490
189492
189498
189502
189504
189505
189506
189508
189509
189510
189511
189512
189513
189529
189530
189534
189536
189537
189541
189543
189544
189545
189546
189548
189553
189554
189556
189557
189558
189560
189561
189563
189568
189569
189573
189574
189575
189576
189586
189587
189591
189592
189595
189596
189600
189606
189607
189614
189615
189619
189624
189626
189639
189640
189646
189655
189657
189658
189661
189669
189670
189673
189677
189679
189680
189681
189682
189684
189686
189687
189688
189690
189691
189695
189701
189707
189709
189710
189711
189712
189713
189714
189715
189717
189721
189723
189724
189725
189727
189728
189729
189734
189736
189741
189751
189755
189757
189760
189772
189775
189779
189783
189792
189793
189794
189795
189802
189805
189808
189809
189810
189811
189812
189817
189827
189828
189836
189840
189842
189849
189858
189860
189863
189874
189881
189884
189885
189893
189894
189899
189900
189908
189909
189910
189921
189922
189923
189924
189928
189930
189936
189938
189939
189942
189944
189945
189946
189949
189950
189951
189955
189958
189961
189963
189967
189978
189987
189993
189996
189999
190004
190010
190011
190014
190015
190017
190021
190026
190031
190032
190033
190034
190037
190038
190041
190043
190051
190057
190058
190059
190060
190061
190074
190079
190083
190084
190089
190090
190093
190094
190099
190102
190105
190112
190118
190120
190122
190127
190140
190143
190149
190150
190151
190156
190159
190160
190167
190177
190178
190179
190180
190184
190195
190196
190199
190200
190201
190202
190208
190223
190227
190228
190232
190235
190237
190239
190240
190243
190244
190247
190248
190250
190254
190264
190277
190283
190285
190286
190299
190313
190329
190330
190332
190357
190358
190360
190361
190362
190403
190413
190414
190421
190424
190425
190429
190430
190432
190435
190436
190438
190445
190446
190447
190450
190451
190454
190456
190459
190460
190461
190462
190464
190465
190466
190467
190470
190471
190473
190481
190482
190483
190488
190489
190490
190491
190492
190494
190497
190499
190500
190501
190502
190504
190505
190506
190507
190508
190511
190516
190517
190518
190520
190523
190525
190528
190529
190530
190531
190535
190536
190539
190542
190543
190544
190545
190547
190548
190549
190550
190551
190552
190554
190555
190556
190557
190558
190560
190561
190562
190564
190565
190566
190567
190569
190572
190575
190576
190580
190581
190582
190583
190584
190585
190588
190589
190592
190593
190596
190597
190598
190602
190604
190607
190609
190611
190615
190619
190620
190626
190628
190629
190630
190631
190633
190634
190635
190636
190637
190640
190643
190647
190649
190651
190653
190658
190659
190662
190664
190665
190666
190667
190669
190670
190671
190674
190676
190680
190683
190685
190695
190697
190698
190706
190714
190715
190716
190717
190720
190722
190724
190734
190738
190740
190741
190745
190747
190748
190749
190752
190756
190758
190761
190765
190769
190772
190778
190779
190780
190782
190783
190784
190791
190792
190793
190799
190807
190812
190813
190814
190815
190817
190821
190822
190824
190826
190852
190854
190857
190864
190865
190868
190870
190871
190873
190875
190876
190883
190885
190888
19089
190894
190905
190906
190907
190910
190915
190919
190931
190934
190936
190937
190939
190940
190941
190942
190943
190945
190947
190960
190962
190969
190970
190971
190972
190976
190978
190979
190981
190982
190983
190987
190995
191005
191006
19101
191024
191032
191034
19104
191043
191044
191045
191047
191050
191053
191055
191059
191061
191062
191066
191068
191075
191076
191077
191079
191081
191082
191089
191090
191093
191095
191096
191098
191099
191105
191106
191111
191112
191123
191126
191127
191135
191138
191151
191152
191153
191154
191157
19116
191160
191164
191167
191169
19117
191173
191175
191180
191181
191184
191186
191187
191189
19119
191190
191191
191192
191193
191198
191202
191207
191208
191210
191212
191216
191218
19122
191220
191226
191235
191237
191251
191252
191253
191255
191256
191257
191259
191260
191261
191262
191263
191269
191287
191294
191325
191327
19133
191349
191373
191388
19139
191390
191391
19140
191408
191409
191411
191431
191432
191433
191434
191437
191438
191439
191451
191456
191480
191481
191482
191486
191487
191490
191492
191495
191496
191497
191500
191502
191541
191548
191566
191589
191625
191626
191627
191628
191629
191637
191648
191653
191654
191655
191656
191657
191662
191665
191667
191668
191669
191673
191675
191677
191678
191679
191682
191684
191685
191687
191688
191693
191694
191695
191696
191725
191726
191728
191730
191740
191744
191780
191782
191783
191814
191815
191819
191820
191827
191829
191830
191834
191839
19184
191841
191842
191843
191845
191847
191848
191856
191868
191870
191871
191872
191874
191875
191881
191884
191887
191892
191893
191895
191896
191897
191902
191906
191909
191910
191911
191915
191919
191921
191922
191924
191926
191927
191929
191933
191934
191935
191936
191937
191939
191942
191944
191945
191952
191953
191967
191978
191979
191980
191991
191995
191996
191998
192001
192005
192007
192009
192012
192014
192015
192016
192017
192020
192026
192027
192030
192032
192033
192040
192041
192042
192043
192045
192047
192049
192050
192056
192063
192064
192067
192070
192071
192072
192073
192080
192081
192083
192086
192087
192091
192093
192094
192095
192098
192101
192102
192105
192110
192114
192118
192119
192123
192126
192128
192129
192138
192146
192150
192151
192153
192154
192155
192160
192161
192162
192163
192164
192165
192169
192170
192173
192174
192175
192177
192179
192191
192193
192202
192205
19222
192220
192225
192227
192231
192235
192237
192238
192241
192242
192250
192251
192252
192253
192255
192259
192262
192273
192274
192279
192282
192283
192285
192297
192301
192302
192305
192308
192310
192315
192316
192317
192318
192319
19232
192320
192321
192323
192324
192329
192332
192333
192337
192339
192350
192358
192362
192363
192365
192366
192367
192370
192371
192373
192387
192397
192411
192412
192420
192423
192424
192429
192430
192431
192437
192439
192443
192445
192446
192447
192448
192449
192451
192457
192463
192466
192471
192473
192476
192479
19248
192482
192492
192494
192495
192496
192499
192505
19251
192512
192521
192527
192528
192530
192532
192537
192540
192543
192546
192548
192554
192555
192556
192557
19256
192560
192561
192563
192565
192567
192568
192572
192573
192575
192580
192581
192582
192583
192590
192591
192593
192594
192596
192597
192598
19260
192601
192604
192607
192608
192611
192612
192613
192615
192616
192617
192619
192620
192621
192622
192624
192625
192629
192634
192635
192636
192638
192641
192643
192645
192647
192648
192649
192651
192654
192658
192660
192661
192665
192667
192671
192673
192674
192678
192679
192682
192685
192687
192695
192697
192701
192702
192703
192707
192708
19271
192711
192712
192714
192715
192720
192722
192725
192728
192731
192732
192738
192739
192751
192754
192756
192757
192758
192761
192763
192766
192767
192768
192771
192774
192775
192777
192778
192780
192786
192788
192789
192790
192811
192813
192816
192817
192820
192823
192824
192831
192838
192840
192841
192844
192857
192869
192875
192876
192877
192880
192883
192888
192890
192904
192915
19292
192923
192927
192930
192932
192955
192961
192962
192963
192965
192967
192970
192973
192974
192977
192984
192985
192988
192997
193001
193004
193006
193009
193011
193014
193022
193023
193028
193029
193041
193053
193057
193059
193061
193063
193071
193072
193073
193074
193075
193076
193077
193080
193081
193082
193083
193091
193092
193095
193096
193098
193102
193105
193107
193110
193113
193116
193123
19313
193130
193133
193136
193140
193141
193142
193143
193144
193147
193152
193158
193159
193161
193164
193165
193166
193171
193172
193173
193176
193177
193179
193181
193182
193183
193185
193186
193187
193188
193195
193196
193198
193205
193206
193207
193211
193220
193222
193223
193226
193234
193235
19324
193244
193245
193246
193247
193248
193249
193250
193252
193253
193254
193259
193263
193264
193265
193266
193267
193272
193274
193277
193278
193281
193283
193290
193293
193296
193300
193301
193302
193303
193304
193308
193311
193312
193313
193315
193317
193319
19332
193320
193321
19333
193331
193332
193333
193336
193337
193338
193346
193348
193349
193352
193355
193357
193358
193361
193369
193376
19340
193406
193408
19341
193411
193414
193415
193420
193422
193426
193427
193429
193431
193435
193439
193440
193442
193443
193448
193459
193460
193467
193468
193469
193473
193474
193475
193476
193482
193488
19349
193495
193503
193504
193505
193508
19351
193510
193517
193525
193526
193528
193529
193532
193533
193544
193546
193548
193549
193550
193552
193555
193556
193557
193558
193561
193562
193569
193570
193571
193576
193577
193578
193584
193594
193600
193601
193603
193608
193613
193621
193623
193627
193628
193632
193638
193640
193645
19365
193660
193661
193669
193672
193679
193683
193685
193686
193688
193692
193694
193696
193697
193698
19370
193706
193708
193713
193714
193716
193719
19372
193727
193728
193735
193738
193739
19374
193740
193741
193743
193747
193748
193749
193751
19376
193760
193767
193768
193771
193780
193781
193782
193785
193786
193794
193796
193797
193798
193804
193805
193808
19382
193835
193837
193838
193839
193840
193844
193849
193850
193851
193860
193862
193865
193869
193875
193878
193880
193881
193886
193887
193889
193895
193896
193897
193900
193906
193908
193909
193910
193911
193912
193918
193921
193925
193926
193927
193930
193931
193932
193933
193934
193938
193939
193942
193943
193945
193949
193953
193956
193957
193958
193969
193974
193975
193980
193981
193983
193984
193985
193998
193999
19400
194015
194017
194018
194022
194032
194033
194035
194040
194044
19405
194050
194053
194059
194060
194063
194076
194079
194080
194086
194089
194091
194092
194097
194099
19410
194102
194103
194108
194115
194120
194122
194127
194128
194135
194137
194146
194148
194149
194150
194163
194169
194171
194174
194178
194185
194190
194196
194198
194200
194201
194202
194203
194209
194216
194222
194223
194224
194228
194229
194259
194269
194319
194325
194327
194329
194333
194334
194349
194359
194365
194367
194404
194406
194408
194409
194412
194429
194431
194432
194449
194452
194489
194510
194514
194519
19456
194569
194574
194596
194627
19463
194634
194644
194647
194654
194655
194657
194662
194664
194665
194669
194672
194678
194679
194681
194701
194704
194707
194708
194716
194717
194718
194724
194726
194727
194728
194730
194732
194737
194738
194739
194742
194753
194761
194763
194765
194769
194781
194783
194785
194788
194790
194791
194792
194795
194803
194804
194806
194842
194844
194845
194846
194847
194855
194858
194860
194872
194873
194874
194875
194876
194879
194885
194890
194891
194892
194904
194911
194915
194916
194917
194920
194924
194925
194926
194927
194932
194934
194937
194944
194947
194953
194955
194956
194957
194958
194960
194962
194963
194964
194970
194974
194977
194979
194985
194988
194990
194994
194996
194997
194998
194999
195001
195002
195003
195010
195011
195012
195013
195020
195023
195031
195033
195036
195037
195038
195059
195065
195071
195080
195086
195088
195090
195091
195092
195093
195124
195126
195148
195149
195182
195202
195204
195207
195209
19521
195219
19524
195255
195258
195261
195272
195273
195286
195313
195319
195329
195356
195357
195359
195361
195362
195363
195365
195373
19539
195395
195396
19541
195412
195427
195436
195447
195479
195480
195481
195540
195586
19560
19564
195668
195671
195687
195723
19580
19582
195836
195838
195839
195840
195843
195858
195859
195862
195864
195873
195893
195898
195900
195901
195902
195905
195912
195962
196035
196063
196064
196072
196073
196107
196142
196143
196144
196147
196150
196217
196218
196220
196316
196353
196382
196432
196433
196434
196435
196569
19658
196580
196582
196615
196630
196656
19666
196671
196681
196801
196814
196819
196830
196848
19685
196852
19687
196881
196884
196889
196896
196898
196899
196905
196906
196907
196912
196913
196916
196930
196932
196933
196935
196941
196942
196946
196948
196952
196953
196972
196976
196981
196983
19699
196991
197012
197031
197041
197061
197062
197065
197067
197068
197074
197075
197079
197081
197083
197089
197117
197139
197164
197165
197166
197169
197170
197175
197220
197221
197223
197225
197226
197230
197231
197233
197238
197239
19724
197241
197242
197247
197269
197307
197310
197359
197360
197370
197376
197391
19740
197402
197430
197431
197439
197445
19748
197480
197496
197499
197503
197511
19756
197641
19765
197655
197670
197677
197678
197681
197687
197688
197689
197690
197698
197715
197716
197717
197718
197721
19773
197756
197758
197759
197768
197770
197774
197775
197776
197777
197781
197784
197785
197786
197813
197814
197817
197818
197819
197831
197837
197838
197839
197852
197853
197859
197875
197878
197882
197883
197885
197886
197890
197891
197893
197895
197899
197900
197901
197905
197909
197911
197912
197918
197925
197926
197928
197930
197932
197934
197935
197936
197937
197938
197939
197940
197941
197948
197952
197953
197957
197961
197965
197966
197970
197974
197975
197981
197983
197984
197990
197996
197998
198000
198006
198007
198009
198011
198017
198018
198020
198023
198024
198025
198027
198028
198031
198032
198038
198039
198040
198051
198055
198056
198057
198059
198060
198062
198063
198064
198065
198067
198068
198073
198076
198077
198079
198080
198081
198082
198089
198091
198094
198095
198104
198109
198113
198115
198117
198118
198121
198122
198128
198129
198131
198132
198133
198134
198135
198136
198139
19814
198140
198141
198143
198145
198146
198147
198148
198149
198150
198151
198152
198153
198156
198159
198162
198163
198164
198175
198176
198177
198185
198190
198191
198193
198194
198195
198196
198198
198199
198200
198201
198202
198210
198212
198213
198215
198218
198219
198222
198223
198229
198232
198235
198240
198244
198247
198249
198250
198251
198252
198253
198256
198257
198261
198264
198266
198269
198276
198279
198281
198283
198285
198287
198288
198289
198292
198294
1983
198306
198308
198310
198314
198317
198325
198327
198328
198329
198330
198331
198335
198336
198338
198348
198350
198351
198352
198353
198354
198355
198357
198363
198366
198368
198372
198373
198376
198377
198379
198381
198386
198394
198397
198414
198420
198425
198428
198437
198440
198447
198449
198450
198453
198454
198455
198457
198467
198469
198478
198479
198480
198485
198489
198490
198493
198497
198502
198504
198511
198512
198515
198517
198518
198522
198523
198524
198525
198529
198531
198538
198543
198545
198547
198553
198554
198557
198558
198560
198564
198573
198582
198583
198584
198589
198591
198599
198600
198601
198604
198606
198607
198608
198611
198615
198621
198622
198623
198624
198626
198627
198629
198630
198631
198632
198635
198638
198640
198648
198649
198652
198653
198654
198655
198657
198658
198672
198675
198676
198683
198685
198686
198687
198688
198689
19869
198690
198692
198701
198702
198704
198705
198706
198707
198709
198710
198712
198717
198719
198720
198725
198726
198731
198735
19874
198740
198743
198749
198751
198754
198757
198758
198760
198761
198770
198775
198776
198782
198784
198785
198790
198794
198806
198807
198810
198811
198812
198816
198817
198819
198825
198826
198831
198832
198836
198840
198841
198844
198846
198849
198851
198852
198856
198857
198858
198861
198863
198866
198868
198872
198873
198877
198886
198889
198891
198893
198895
198898
198899
198900
198902
198904
198908
198909
198910
198914
198915
198917
198921
198923
198924
198925
198929
198930
198932
198936
198946
198950
198951
198952
198953
198955
198956
198958
198959
19896
198960
198964
198970
198971
198977
198978
198979
198983
198988
198989
198990
198991
198992
198995
198998
198999
199000
199002
199005
199006
199007
199009
199010
199011
199012
199013
199014
199015
199016
199018
199021
199023
199025
199027
199030
199035
199039
199040
199045
199046
199047
199049
199051
199057
199060
199064
199065
199066
199067
199069
199071
199074
199077
199079
199080
199081
199085
199090
199093
199101
199103
199107
199108
199110
199111
199112
199113
199115
199118
199121
199122
199123
199128
199129
199130
199131
199135
199137
199141
199142
199144
199146
199149
199151
199156
199157
199158
199159
199163
199165
199166
199167
199168
199169
199170
199173
199174
199178
199179
199180
199183
199186
199189
199191
199192
199194
199195
199199
199202
199205
199207
199215
199217
199218
199220
199224
199230
199231
199234
199235
199236
199237
199238
199240
199241
199242
199245
199247
199248
199253
199254
199257
199258
199259
199260
199262
199264
199265
199266
199268
199276
199277
199282
199283
199284
199285
199286
199287
199288
199290
199291
199294
199300
199301
199302
199304
199307
199310
199311
199313
199319
199334
199350
199353
199354
199369
199377
199378
199381
199382
199383
199384
199386
199387
199392
199393
199394
199398
199400
199401
199408
199409
199412
199413
199415
199416
199418
199419
199422
199431
199434
199435
199437
199438
199439
199441
199448
199449
199450
199451
199452
199456
199459
199460
199461
199464
199467
199470
199474
199475
199480
199482
199487
199488
199490
199493
199498
199501
199502
199503
199504
199509
199510
199511
199512
199514
199516
199517
199520
199524
199525
199526
199529
199530
199531
199532
199537
199538
199543
199550
199551
199553
199554
199556
199560
199561
199562
199564
199566
199568
199569
199570
199574
199575
199576
199577
199578
199580
199584
199590
199594
199598
199602
199604
199606
199608
199614
199616
199622
199625
199626
199627
199628
199629
199632
199633
199635
199639
199641
199651
199652
199657
199658
19966
199661
199662
199663
199664
199666
199667
199669
199674
199679
199684
199688
199689
199692
199698
199700
199701
199705
199706
199708
199713
199714
199715
199716
199718
199719
199721
199724
199728
199729
199737
199739
199740
199741
199744
199745
199747
199748
19975
199750
199752
199757
199759
19976
199760
199761
199762
199763
199764
199765
199767
199768
199769
199770
199774
199775
199776
199777
199779
199780
199783
199787
199791
199792
199800
199803
199804
199806
199808
199810
199811
199812
199813
199815
199816
199818
199820
199823
199825
199829
199830
199833
199834
199835
199840
199842
199845
199852
199854
199855
199858
199859
199860
199861
199864
199865
199866
199867
199875
199880
199883
199889
199890
199891
199892
199893
199895
199896
199897
199900
199906
199908
199912
199914
199915
199916
199917
199922
199925
199931
199932
199933
2
200054
200094
200104
200105
200106
200110
200111
200130
200134
200145
200146
200180
200187
200206
200235
200260
200312
200315
200316
200318
200389
200434
200440
200443
200454
200458
200469
200519
200521
200529
200532
200539
200553
200562
200574
200586
200601
200607
200610
200647
200697
200726
200730
200735
200752
200765
200773
200774
200819
200831
200845
200857
200867
200896
200922
200936
200949
200962
200984
201022
201024
201041
201079
201118
201153
201155
201159
201170
201176
201220
201227
201257
201269
201299
201305
201322
201327
201329
201332
201339
201377
201399
201400
201403
201409
201449
201454
201455
201465
201491
201501
201508
201514
201519
201523
201529
201533
201535
20172
20176
201862
201869
201875
201877
201878
201884
201886
201898
201922
201940
201941
201942
201982
201988
201995
202002
202035
202050
202052
202053
202054
202069
202072
202075
202078
202087
20209
202101
202126
202143
202166
202169
202171
202184
202200
202259
202289
202292
202301
202325
202335
202345
202348
202371
202379
202459
202477
202515
202530
202556
202560
202633
202642
202652
202659
202672
202676
202678
202721
202746
202748
202750
202771
202819
202828
202832
202837
202842
202849
202857
202858
202873
202882
20289
202931
202935
202951
202954
202968
202985
203002
203005
203034
203042
203069
203113
203210
203236
203244
203256
203279
203280
203292
203299
203331
203338
203347
203373
203375
203381
203382
203416
203417
203434
203446
203458
203461
203477
203483
203485
203486
203500
203551
203574
203592
203632
203705
203729
203747
203775
203789
203801
203809
203810
203830
203840
203843
203845
203848
203863
203872
203888
203889
203890
203899
203928
203965
204016
204022
204024
204060
204065
204087
204092
204096
204136
204145
204147
204156
204171
204185
204210
204213
204231
204259
204276
204289
204311
204366
204381
204386
204411
204426
204444
204448
204451
204472
204485
204496
204502
204537
204542
204555
204613
204635
204639
204685
204687
204689
204713
204720
204731
204787
204838
204845
204847
204858
204887
204924
204945
204963
204966
204970
205089
205090
205122
205158
205181
205185
205188
205192
205210
205214
205217
205330
205334
205340
205362
205402
205410
205452
205498
205509
205510
205522
205529
205540
205552
20556
205566
205569
205589
205600
205601
205633
205669
205670
205679
205683
205687
205699
205707
205728
205735
205747
205752
205756
205834
205850
205855
205878
205887
205892
205923
205934
205943
205954
205955
205976
205988
205989
205995
206038
206058
206069
206074
206077
206198
206200
206225
206254
206273
206358
206396
206407
206408
206414
206433
206488
206521
206536
206574
206589
206651
206655
206662
207410
207422
207441
207444
207465
207476
207494
207507
207523
207541
207552
207562
207564
207566
207581
207586
207619
207641
207657
207658
207664
207672
207675
207709
207725
207728
207733
207745
20775
207785
207818
207852
207853
207862
207865
207894
207920
20798
207984
20800
208004
20801
208013
208022
208024
208064
208128
208134
20817
208230
208291
208330
208333
208374
208375
208418
208421
208427
208454
208470
208473
208476
208502
208509
208534
208567
208574
208592
208602
208616
208636
208670
208686
208705
208722
208729
208777
208787
208790
208799
208808
208817
208830
208832
208838
208892
208898
208918
208920
208949
208993
208994
208995
209001
209027
209034
209039
209040
209051
209053
209069
209090
209091
209118
209119
209169
209179
209183
209287
209297
209301
209308
209312
209314
209327
209329
20933
209331
209346
209347
209371
209372
209378
209411
209436
209453
209473
209483
209499
209502
209504
209547
209552
209562
209568
209570
209573
209607
209620
209631
209660
209711
209742
209780
209786
209787
209789
209799
209800
209834
209873
209874
209888
209937
209950
209964
209969
209975
209992
210007
210016
210020
210112
210126
210140
210170
210212
210216
210217
210241
210243
210257
210259
210264
210268
210275
210280
210281
210296
210324
210384
210413
210423
210441
210464
210465
210482
210513
210536
210545
210557
210570
210652
210660
210713
210739
210761
210779
210801
210832
210864
210880
210881
210909
210935
210964
211017
211018
211041
211067
211086
211107
211110
211117
211119
211147
211152
211176
211250
211267
211272
211300
211323
211348
211354
211368
211373
211395
211424
211439
21146
211463
211501
211504
211559
211575
211675
211688
211783
211784
211802
211855
211976
211990
212024
212031
212056
212063
212075
212090
212137
212139
212152
212188
212192
212194
212210
212212
212218
212267
212280
212298
212319
212341
212351
212366
212377
212400
212404
212419
212470
212471
212477
212501
212539
212573
212592
212601
212616
212723
212725
212727
212730
212765
212767
212771
212772
212795
212814
212893
212896
212932
212977
213007
213016
213027
213028
213051
213072
213075
213079
213114
213135
213148
213157
213160
213209
213211
213212
213257
213291
213296
213303
213307
213313
213318
213321
213345
213355
213414
213417
213418
213436
213445
213449
213471
213489
213491
213581
213585
213591
213604
213613
213624
213630
213638
213648
213655
213661
213666
213697
213700
213702
213732
213743
213777
213787
213796
213798
213813
213823
213864
213869
213877
213886
213900
213926
213928
213937
213956
214002
214012
214066
214067
214109
214110
214123
214139
214150
214161
214194
214208
214238
214245
214247
214263
214267
214269
214329
214331
214355
214357
214358
214371
214415
214488
214492
214493
214572
214604
214608
214609
214647
214655
214665
214668
214675
2147
214710
214711
214717
214752
214769
214786
214816
214851
214854
214876
214906
214923
214933
214947
214955
214965
214977
214979
214982
214988
214997
215010
215037
215045
215051
215057
215064
215066
215082
215101
215102
215107
215108
215111
215117
215142
215144
215154
215160
215169
215180
215239
215245
215259
215260
215285
215316
215325
215337
215341
215389
215420
215452
215497
2155
215510
215529
215582
215639
215650
215656
215668
215688
21570
215707
215716
215785
215797
215914
215930
215970
215982
216015
216042
216068
216085
216115
216117
216145
216156
216169
216174
216175
216194
216216
216224
216243
216266
216267
216268
216269
216313
216321
216335
216341
216346
216349
216354
216358
216359
216393
216409
216410
216429
216433
216450
216460
216465
216466
216486
216523
216530
216535
216547
216570
216578
216594
216643
216666
216667
216688
216698
216701
216750
216794
216800
216801
216814
216834
216836
217118
2172
217563
217594
217647
217698
217699
217808
217819
217972
218232
218339
218381
218397
218467
218474
218621
218687
218978
218980
219117
219174
219216
219411
219436
219457
219489
219493
219500
219503
219506
219521
219522
219573
219584
2196
219623
219625
219641
219646
219650
219652
219659
219676
219677
219681
219707
219787
219796
219807
219812
219820
219827
219862
219872
219913
219918
219998
220048
220051
220057
220070
220093
220109
220122
220128
220172
220177
220204
220253
220287
220295
220380
220421
220433
220450
220466
220486
220494
220569
220619
220624
220633
220678
220763
220802
220815
220816
220821
220844
220914
220918
220926
220934
220944
220972
220982
220995
221012
221087
221097
221181
221200
221234
221270
221272
221284
221294
221324
221327
221365
221404
221422
221428
221434
221469
221477
221482
221483
221491
221515
221559
221569
221578
221579
221621
221628
221634
221637
221642
221651
221668
221714
221724
221761
221806
221838
221841
221843
221890
221908
221909
221913
221922
221987
222001
222014
222028
222262
222270
222293
222357
222382
222421
222484
222519
222573
222576
222590
222634
222639
222679
222758
222760
222769
222862
222886
222900
222937
222955
222957
222978
223077
223078
223084
2231
223144
223150
223197
223245
223381
223394
223399
223426
223479
223551
223557
223618
223624
223682
223714
223800
223819
223893
223896
223900
223902
223915
223926
223992
224037
224042
224124
224207
224287
224290
224293
224340
224347
224388
224411
224427
224493
224503
224539
224655
224717
224753
224884
224917
224985
225010
225028
225084
225100
225145
225168
225170
225182
225204
225226
225230
225244
225283
225322
225353
225357
225380
225508
225535
225553
225586
225658
225694
225719
225861
225925
225951
226075
226105
226170
226378
226486
226518
226540
226634
226671
226749
226822
226875
226958
227275
227277
227445
227563
227593
227598
227647
227652
227751
227755
227774
227804
227852
227873
227900
227912
227956
228099
229872
23015
231677
231911
23461
23467
24248
24630
24851
2492
25420
25798
2651
26992
27
2769
27971
28
28061
2819
30110
30620
31432
31831
31834
3246
32740
3281
330
34079
34308
34373
3484
35713
3622
3813
39943
40900
4098
41
4111
41236
41674
41734
41784
41874
42521
4353
4421
45062
45074
45080
45083
45119
45172
45186
45197
45226
45455
45461
45462
45504
45574
45577
45595
45601
45605
45842
45874
46014
4667
46736
46740
46815
47000041
47002147
47005479
47007826
47009014
47011141
47106573
47113422
47121939
47135455
47138956
47139094
47150516
47165153
47167495
47167664
47178372
47179846
47189596
4732
47706
47996
48023
4832
48717
48745
48752
48826
48940
49000
49012
49025
49072
49116
49212
49369
49370
49425
49472
49485
49488
49617
49674
49886
49920
49939
49966
50294
50327
50385
50542
50588
50598
50620
50660
50713
50908
51100
51105
51123
51159
51257
51261
51287
51358
51366
51378
51394
51503
51539
51730
51733
51771
5208
52091
52104
52107
5213
52241
52270
52280
52306
52326
52474
52679
52826
52829
52846
52958
53001179
53009014
53012
53013
53013732
53014
53020801
53030
53041236
53050
53055
53138956
53143001
53146530
53153079
53155862
53158023
53159147
53162895
53164240
53167495
53170890
53171919
53174543
53176580
53176676
53179844
53182521
53183277
53183907
53184344
53184432
53184941
53188545
53188567
53189513
53189596
53190871
53191202
53192366
53192985
53193080
53193301
53194765
53194911
53195864
53198009
53198710
53199556
53201399
53202126
53202857
53203551
53211320
53302
53405
53436
53521
53525
5355
53578
53593
53604
53612
53644
53785
53826
53827
53832
53847
53855
53874
53878
53914
53998
54013
54021
54033
54050
54051
5440
5471
5479
5485
5589
5680
58
5809
6000041
6000241
6000768
60010
6001075
6001179
6001219
6001238
6001611
6001625
6001803
6002196
6002651
6003395
6003484
6003622
6004098
6005471
6007289
6007763
6007784
6007814
6007826
6007939
6008473
6009676
6011141
6013130
6013690
6013732
6013743
6015723
6017605
6019896
6020289
6020801
6023015
6023461
6024438
6024630
6025798
6026709
6026992
6028130
6031432
6034079
6039943
6041236
6041635
6041674
6045186
6045197
6045674
6049369
6049370
6051123
6051257
6052091
6052752
6053405
6053869
6054050
6106573
6112316
6113422
6114764
6120304
6121622
6121939
6123621
6123629
6134956
6135149
6135479
6136130
6136138
6136686
6137186
6137199
6137785
6138123
6138726
6138787
6138956
6139006
6139068
6139094
6139720
6139997
6140057
6141645
6142780
6143001
6143671
6146530
6146536
6146741
6149231
6149568
6150309
6151508
6152039
6152554
6152729
6152908
6153079
6153296
6155862
6156616
6157947
6158023
6164493
6165239
6167905
6177643
6235
63000805
63001025
63001040
63001109
63001183
63001198
63001238
63001419
63005471
63005479
63005589
63005879
63006975
63007763
63010264
63013128
63013743
63015723
63020801
63031432
63045197
63045674
63051123
63051257
63051539
63121939
63138449
65000027
65000041
65000244
65001179
65001238
65003622
65005419
65005471
65005479
65005485
65005680
65006975
65007512
65008473
65011141
65013128
65013732
65013743
65020801
65021146
65023015
65026992
65028130
65045674
65048940
65049369
65050598
65050641
65051257
65052091
65052241
65053050
65053612
65054013
65054050
65110381
65111093
65112253
65117106
65121939
65123621
65136553
65136601
65137160
65137262
65137785
65138123
65138449
65142754
65143001
65146695
65148138
65150516
65152747
65156616
65162895
65165153
6647
67000041
67001179
67001238
67002769
67005213
67005479
67007826
67010535
67011141
67024630
67045197
67049369
67052091
67052270
67053302
67053612
67112253
67113422
67120533
67135149
67139068
67139869
67147777
67148138
67148803
67150516
67155862
67157481
67158810
67159145
67162409
67162895
67163419
67165239
67184431
6826
684
6895
69000041
69002769
69005471
69005479
69007289
69007826
69009014
69009676
69010535
69013732
69020801
69021146
69031432
69034079
69041236
69041635
69045197
69045674
69050542
69052091
69053302
69054050
69113422
69120533
69121939
69121944
69135455
69138782
69139869
69140601
69142754
69146530
69146741
69150418
69152554
69152729
69152747
69155862
69158023
69159145
69160766
69162895
69164240
69164959
69165153
69167495
69167905
69173731
69173909
69176635
69177003
69178088
69178224
69178372
69179846
69183898
69189332
69189505
69189511
69189596
69189681
7000027
7000041
7000241
7001179
7001238
7001625
7002155
7002196
7002264
7002651
7003395
7003622
7003712
7004077
7004667
7005471
7005479
7005485
7005984
7007289
7007763
7007826
7008473
7008517
7009014
7009676
7010535
7010584
7011141
7013038
7013732
7013743
7015723
7020289
7020801
7021146
7023015
7024438
7024630
7026709
7026992
7028130
7030110
7031432
7031831
7034079
7041236
7041635
7041725
7045062
7045119
7045186
7045197
7045574
7045595
7045674
7045763
7046042
7046857
7048717
7048940
7049012
7049045
7049369
7050542
7050598
7050641
7051105
7051123
7052091
7053302
7053612
7053869
7054050
7106573
7111093
7112253
7113422
7119152
7120274
7120312
7120533
7121122
7121933
7121939
7121944
7123621
7134956
7135455
7135479
7136130
7136138
7136553
7137186
7137494
7137671
7137785
7138123
7138449
7138726
7139068
7139720
7139869
7140035
7140274
7140601
7141645
7142708
7143001
7146536
7150418
7150516
7152747
7153079
7155862
7156616
7157393
7157481
7158023
7158133
7161805
7162476
7162895
7164082
7164477
7164493
7165153
7167495
7167515
7168542
7168607
7169721
7171919
7178007
7289
7512
7584
7631
7647
7674
77001179
77020289
77020801
77045674
77048940
77053302
77053612
77113422
77119152
77121939
77135507
77138956
77146530
77146536
77155862
77158023
77162347
77164240
77165229
77165867
77167495
77170890
77171833
77173221
77173731
77175943
77176580
77176635
77177610
77178005
77178088
77178603
77179813
77179844
77179944
77181872
77182103
77182494
77182521
77183277
77183394
77183898
77184432
77184881
77184941
77186148
77186561
77188152
77188350
77188377
77188545
77188567
77188802
77189332
77189596
77191202
77192318
77192505
77193352
77194022
77194359
77195086
77195864
77197445
77198710
77199767
77201862
77203485
77207865
77213899
7743
7763
7814
7826
7932
7939
8000330
8001238
8005471
8005479
8005485
8007289
8007763
8007826
8008473
8009014
8009676
8010535
8011141
8012
8013732
8013743
8020775
8020801
8021146
8023015
8024630
8026709
8028130
8031432
8034079
8041236
8045674
8048717
8048940
8049369
805
8051105
8052091
8053302
8053612
8053914
8054050
8112847
8113422
8120304
8120533
8121122
8121933
8121944
8123576
8134979
8135455
8137494
8138110
8138123
8138412
8140601
8142708
8143001
8146530
8146970
8147777
8149568
8150724
8152039
8152729
8153079
8155862
8155964
8156616
8157481
8158023
8158810
8159145
8159287
8162895
8163705
8165153
8165239
8166706
8167664
8170369
8171318
8205
8473
878
9000041
9000768
9001238
9001611
9001625
9002264
9002651
9003395
9003484
9003622
9005471
9005479
9005485
9006826
9007289
9007631
9007763
9007826
9007939
9008473
9009014
9009676
9010535
9013038
9013130
9013732
9013743
9014
9016254
9020289
9020801
9021146
9023015
9023461
9024630
9025420
9025798
9026709
9028130
9030110
9031432
9034079
9039943
9040900
9041236
9041635
9041734
9045186
9045197
9045595
9045674
9048717
9048940
9049072
9049369
9049370
9050542
9050641
9051412
9051720
9052091
9052270
9053050
9053405
9053578
9053612
9053914
9054013
9054050
91000041
91001179
91005471
91005479
91007289
91007289_bk
91007763
91009676
91013743
91020801
91028130
9103133
91031432
9103496
91041236
91045197
91049369
91052091
91054050
9106573
9110283
9111093
91113422
91121939
9112316
9113422
91135455
91139869
91140601
9114123
91146530
91152729
91155862
91156616
91158023
91164240
91167397
91167495
91176676
91177003
91179944
91182521
91183898
91190871
9119152
9120274
9120533
9121622
9121933
9121939
9121944
9122849
9123576
9135455
9135475
9135742
9136130
9136138
9136686
9137186
9137262
9137494
9137782
9138110
9138123
9138334
9138449
9138782
9138956
9139668
9139720
9140233
9140601
9141645
9142708
9142754
9142784
9143001
9143671
9146530
9146562
9146741
9147777
9147794
9148119
9148138
9148803
9149571
9150418
9152039
9152554
9152729
9152908
9152999
9153079
9153177
9153244
9153260
9153296
9154950
9155344
9155355
9155862
9156272
9156616
9157304
9157481
9157597
9157947
9158023
9158133
9158232
9158525
9158810
9159065
9159145
9159261
9159287
9161700
9161805
9162131
9162409
9162895
9163419
9163423
9163631
9163699
9163705
9163711
9163925
9164169
9164240
9164435
9164468
9164469
9164477
9164493
9164505
9164859
9164994
9165153
9165239
9165580
9167397
9167495
9167664
9167666
9167706
9167943
9167948
9168542
9169596
9170481
9170733
9170815
9171919
9172140
9172672
9173210
9176580
9176635
9176676
9176733
9176944
9176993
9177003
9177491
9178372
9180930
9181872
9182629
9183898
9184431
9184941
9186581
9186627
9189362
9189484
93000195
93000942
93001183
93001419
93001605
93010264
93051539
93052241
942
9676
9751
9833