93007512
93001040
93004833
93006235
93190043
93190053
93214649
93222000
93222257
93222680
93000001
93000051
93000195
93000244
93000388
93000393
93001116
93001419
93001605
93005419
93190044
93214267
93222481
93000240
93000805
93000942
93001109
93001183
93001198
93001201
93004000
93005680
93010264
93051539
93166120
93166906
93168473
93177845
93191189
93192181
93214098
93214100
93215558
93215732
93000570
93001025
93005589
93117106
93164000
93166124
93214101
93006975
93013128
93052241
93161840
93191695
93000241
93001041
93001088
93004202
93005673
93007743
93020170
93046747
93053769
93226764