7103133
7053302
7052091
7049617
7049045
7048717
7041635
7013914
7008517
7007743
7002651
7002264
7001219
7000330
7171919
7169721
7162347
7146536
7142708
7137671
7137494
7135451
7120304
7051123
7049072
7049012
7046857
7045186
7034079
7031831
7014916
7004098
7002155
7001803
7167963
7155862
7153079
7147777
7139869
7139094
7138123
7112253
7050598
7045119
7026709
7024630
7020775
7019896
7015723
7013690
7007826
7002196
7000027
7168542
7142754
7141645
7140601
7119152
7053612
7041236
7024438
7023461
7021146
7011141
7009014
7000041
7165239
7156616
7148119
7143001
7049369
7045574
7030110
7005471
7003622
7162895
7146530
7121939
7113422
7045674
7045197
7031432
7010535
7008473
7007289
7136138
7054050
7023015
7013743
7013732
7009676
7007763
7005479
7001625
7158023
7048940
7020801
7001238
7001179
7028130
7103133
7053302
7052091
7049617
7049045
7048717
7041635
7013914
7008517
7007743
7002651
7002264
7001219
7000330
7171919
7169721
7162347
7146536
7142708
7137671
7137494
7135451
7120304
7051123
7049072
7049012
7046857
7045186
7034079
7031831
7014916
7004098
7002155
7001803
7167963
7155862
7153079
7147777
7139869
7139094
7138123
7112253
7050598
7045119
7026709
7024630
7020775
7019896
7015723
7013690
7103133
7053302
7052091
7049617
7049045
7048717
7041635
7013914
7008517
7007743
7002651
7002264
7001219
7000330
7171919
7169721
7162347
7146536
7142708
7137671
7137494
7135451
7120304
7051123
7049072
7049012
7046857
7045186
7034079
7031831
7014916
7004098
7002155
7001803
7167963
7155862
7153079
7147777
7139869
7139094
7138123
7112253
7050598
7045119
7026709
7024630
7020775
7019896
7015723
7013690
7007826
7002196
7000027
7168542
7142754
7141645
7140601
7119152
7053612
7041236
7024438
7023461
7021146
7011141
7009014
7000041
7165239
7156616
7148119
7143001
7049369
7045574
7030110
7005471
7003622
7162895
7146530
7121939
7113422
7045674
7045197
7031432
7010535
7008473
7007289
7136138
7054050
7023015
7013743
7013732
7009676
7007763
7005479
7001625
7158023
7048940
7020801
7001238
7001179
7028130
