198089
198091
198094
198095
198109
198115
198121
198122
198128
198129
198131
198132
198133
198134
198135
198136
198139
19814
198140
198141
198145
198147
198148
198149
198150
198151
198152
198153
198156
198163
198175
198177
198185
198190
198191
198193
198194
198199
198200
198201
198210
198212
198213
198215
198222
198223
198229
198232
198235
198247
198249
198250
198251
198252
198253
198261
198264
198266
198269
198276
198279
198281
198283
198287
198288
198289
198292
198294
1983
198306
198308
198314
198317
198325
198327
198328
198336
198338
198350
198352
198353
198355
198357
198366
198372
198376
198379
198381
198386
198420
198425
198428
198440
198447
198449
198450
198453
198454
198455
198457
198469
198479
198480
198485
198489
198493
198497
198502
198504
198511
198512
198515
198517
198518
198522
198524
198523
198525
198529
198531
198543
198545
198547
198553
198554
198557
198558
198560
198564
198582
198583
198584
198591
198600
198601
198604
198606
198607
198608
198611
198615
198621
198622
198623
198624
198626
198627
198629
198630
198631
198632
198638
198640
198649
198652
198653
198654
198655
198657
198658
198672
198675
198676
198685
198686
198687
198688
198689
19869
198690
198702
198704
198705
198707
198709
198719
198720
198725
198726
198731
198735
198740
198743
198749
198751
198754
198757
198758
198760
198761
198770
198775
198776
198782
198785
198790
198794
198806
198807
198810
198811
198812
198816
198817
198819
198825
198826
198831
198840
198841
198844
198846
198849
198851
198852
198856
198857
198858
198863
198866
198868
198872
198873
198877
198886
198889
198891
198893
198895
198898
198899
198902
198904
198908
198909
198910
198915
198917
198921
198923
198924
198925
198929
198930
198932
198936
198946
198950
198951
198952
198955
198956
198958
198959
19896
198960
198964
198970
198971
198977
198978
198979
198983
198988
198990
198991
198992
198995
198998
198999
199000
199002
199006
199009
199010
199011
199012
199013
199014
199015
199016
199018
199021
199023
199027
199030
199035
199039
199040
199045
199046
199047
199051
199057
199060
199064
199065
199066
199067
199069
199071
199077
199079
199080
199081
199085
199090
199093
199101
199103
199107
199108
199111
199112
199113
199115
199121
199122
199123
199128
199129
199130
199131
199135
199137
199141
199142
199144
199146
199156
199158
199159
199163
199165
199166
199167
199168
199169
199170
199173
199174
199178
199179
199180
199183
199186
199191
199192
199195
199194
199202
199207
199215
199217
199218
199220
199224
199230
199231
199235
199236
199237
199238
199240
199241
199242
199245
199247
199248
199254
199257
199258
199259
199260
199264
199265
199268
199276
199282
199284
199285
199286
199287
199288
199291
199294
199300
199302
199307
199310
199311
199313
199334
199350
199353
199377
199381
199382
199384
199386
199387
199392
199394
199400
199401
199408
199409
199412
199413
199415
199418
199419
199437
199438
199439
199441
199448
199449
199450
199452
199459
199460
199461
199467
199470
199480
199487
199493
199498
199501
199502
199504
199509
199510
199511
199512
199514
199516
199524
199525
199529
199530
199531
199532
199537
199538
199543
199550
199551
199553
199554
199560
199562
199564
199566
199568
199569
199570
199574
199575
199576
199577
199578
199580
199594
199604
199606
199608
199614
199616
199622
199625
199627
199628
199629
199632
199635
199639
199641
199651
199652
199658
19966
199661
199662
199663
199664
199666
199667
199674
199679
199688
199689
199692
199698
199700
199701
199705
199706
199708
199713
199714
199716
199718
199719
199721
199724
199728
199739
199740
199741
199744
199745
199747
199748
19975
199750
199757
199759
19976
199760
199761
199765
199767
199768
199769
199770
199774
199775
199776
199777
199779
199780
199783
199787
199791
199792
199800
199803
199804
199806
199808
199810
199811
199812
199813
199815
199816
199818
199820
199823
199825
199829
199830
199834
199835
199842
199845
199852
199854
199855
199858
199859
199860
199861
199864
199865
199866
199867
199875
199880
199883
199889
199890
199891
199892
199893
199895
199896
199897
199900
199906
199908
199912
199915
199916
199917
199922
199925
199931
199932
199933
9182629
9177491
9167943
9163925
9163699
9155355
9140233
9139720
9114123
9103133
9159287
9157481
9146741
9138449
9123576
9041635
9039943
9013038
9009014
7167515
7161805
7139720
7140035
7138449
7135479
7106573
7049369
7046042
7045763
7013038
7010584
7005984
7004077
7003712
7000241
51100
213016
212795
212771
212765
211575
211501
211018
210268
207709
203416
201501