93000195
93051539
93052241
942
9186581
9189484
9176676
9165580
9170815
9172672
9159261
9162409
9163711
9140601
9142708
9146530
9150418
9135455
9136138
9138110
9138956
91113422
91121939
91139869
91140601
91152729
91155862
91156616
91158023
91167397
91167495
91176676
91182521
91183898
9121933
9121939
9053050
9054050
91000041
91005471
91005479
91009676
91013743
91041236
91045197
91049369
91054050
9021146
9023015
9023461
9028130
9030110
9031432
9041236
9045197
9049369
9007763
9009676
9010535
9013732
9013743
9014
9020289
9005471
9005479
9006826
8166706
8158023
8159145
8120533
8135455
8010535
8013732
8013743
8020775
8020801
8028130
8031432
8045674
8048717
8048940
8049369
8008473
7932
77213899
77199767
77201862
77195864
77197445
77198710
77192318
77192505
77193352
77194022
77194359
77188350
77188377
77188567
77189332
77189596
77179813
77179844
77181872
77182103
77182521
77183277
77176580
77176635
77178005
77178603
77170890
77171833
77173731
77165867
77167495
77155862
77158023
77146530
77053302
77053612
77121939
7584
7631
7674
77001179
77020289
77020801
77045674
7142708
7143001
7155862
7156616
7164477
7167495
7168542
7169721
7053302
7119152
7135455
7136130
7024630
7026709
7028130
7031432
7031831
7045674
7046857
7048940
7051123
69189505
69189511
7001179
7001625
7002155
7002196
7003395
7003622
7005479
7007289
7007763
7007826
7008473
7009676
7011141
7013732
7013743
69045197
69050542
69053302
69054050
69135455
69140601
69142754
69146530
69150418
69152729
69158023
69165153
69167495
69173731
69176635
67139068
67147777
67150516
67157481
67158810
67162895
6826
69000041
69007289
69009676
69010535
69020801
69034079
69041236
67000041
67001179
67005479
67010535
67011141
67045197
67049369
67052270
67053302
67112253
67113422
67120533
65150516
65152747
65156616
65136553
65137160
65138449
65146695
65051257
65052091
65052241
65053612
65054013
65121939
65123621
65005419
65005479
65005485
65005680
65007512
65008473
65011141
65013128
65013743
65021146
65026992
65028130
65048940
65049369
65001179
65001238
63138449
63031432
63020801
63006975
63010264
63013743
6235
63001109
63001183
63001238
6149231
6155862
6136138
6138123
6138726
6112316
6121939
6134956
6023461
6028130
6041635
6045674
6049370
6001625
6002651
6005471
6007289
6007763
6007826
6009676
6017605
6020289
54050
54051
5589
6001179
6001238
5355
53593
53612
53194765
53194911
53195864
53198009
53198710
53199556
53202126
53202857
53203551
53302
53405
53436
53138956
53143001
53153079
53155862
53162895
53164240
53167495
53170890
53171919
53174543
53176580
53176676
53179844
53182521
53183277
53183907
53184344
53184432
53184941
53189596
53190871
53191202
53193080
52846
53001179
53009014
53013732
53020801
53030
53041236
53050
52326
51539
50327
50542
49617
49966
49012
4832
48826
4667
46815
47005479
47009014
3622
41
41236
3281
2492
27
23461
231911
229872
228099
226378
225508
223624
223426
222862
222001
221491
220934
220295
219998
218339
216570
216594
216523
216266
216268
215716
2155
215010
214267
213661
213666
213697
213345
212501
212366
212351
212218
212090
21146
211368
211300
211110
211117
211176
20933
208920
208830
208722
208333
20801
207586
207441
205988
205600
204311
203775
203486
203574
203042
20289
202652
202659
202556
202335
202371
202052
202126
202166
201886
201942
201535
201862
201299
201399
201159
200553
200389
200434
2
200104
200145
199503
199556
199383
199422
199189
199049
198710
198202
198076
198009
197445
197756
197781
196896
195864
194957
194765
194365
193698
193352
19324
193301
193080
192883
192904
19292
192985
192774
192563
192679
192448
192505
192318
192366
192119
191910
191687
191740
191202
191043
190782
190807
190815
190871
190456
190460
189963
189881
189908
189606
189511
189332
189354
189125
189165
189242
189250
188942
189105
188657
188669
188545
188567
188253
188350
188182
186961
187052
187072
186778
186561
186146
186153
185195
184941
184484
184392
184432
183898
183966
183574
183665
183711
183277
182888
182493
182521
181783
181872
181291
180819
180403
180614
179944
180216
179813
179844
179846
179547
179613
178562
178603
178372
178475
178509
178213
177683
177358
177388
177392
177458
177473
177509
177159
176993
177003
176571
176580
176635
176676
176546
176285
174543
173731
173221
172768
172949
172203
171994
171995
171831
171833
170481
170084
170368
170370
169590
169281
168965
169216
168542
168584
168609
168629
168651
167905
167943
167948
168326
168444
167603
167664
167397
167495
167514
166706
165578
165153
164835
164376
164468
164493
164495
164
164240
163587
163155
163209
16254
162835
162895
162240
160292
160766
161648
159261
159171
158023
157665
156722
156432
156616
155862
155885
153079
153244
153296
152554
152729
152039
150724
147794
147006
147614
146954
146439
146530
146562
144429
144622
143306
142708
142754
143001
1419
140233
139720
138726
138782
138810
138956
138193
137782
137460
13732
136306
135451
135475
135423
13130
121939
121944
1198
120238
120533
1210
12167
1183
112847
112316
11186627
11189511
11167495
11167905
11173731
11176580
11158023
11163419
111661
11139720
11141
11143001
11146536
11152729
1109
110974
11020801
110381
11041236
11049369
11001238
107647
109852
10264
103935
101880
10190871
10191180
10193080
10165889
10167495
10167905
10176676
10176944
10179944
10180175
10150418
10150724
10157393
10159065
10159287
10163419
10164169
10164240
10164477
10164859
10165239
101336
10135455
10139068
10139720
10139869
10143001
10146530
10053612
10054050
10120274
10121933
10121944
10005471
10013732
10020801
10021146
10023461
10034079
10045574
10048717
10048940
9164169
9135475
9137186
9050641
9051412
91001179
9005485
8165153
8138123
8152039
8053302
8007763
8009014
8009676
8023015
8026709
77195086
77188802
77113422
7512
7123621
7000041
69021146
67139869
65138123
6136130
53158023
53192985
45577
220253
215914
213449
209499
205498
199914
198219
193082
185020
183177
172116
156321
140057
12259
1201
111093
11146530
11005479
10165740
10106573
10121939
93001419
69167905
69146741
69138782
65142754
65117106
65020801
65023015
65045674
65006975
11193080
65000027
11178224
11184941
11165740
11168651
11171919
11152747
11159065
11160766
11136130
11137782
11142754
11113422
11028130
10186581
10189511
10189596
10164082
10167664
10167943
10180930
10152554
10160766
10113176
10120312
10002769
10003395
10006826
10009676
10016254
10030110
10041236
10045674
10050598
9181872
9184941
9186627
9180930
9178372
9169596
9170733
9164469
9164477
9164505
9167666
9161700
9163419
9163423
9152999
9153079
9153244
9153296
9157597
9157947
9158810
9152908
9142754
9139668
9136130
9122849
9103496
9110283
9111093
9053612
9054013
9045186
9045595
9049370
9050542
9024630
9025420
9040900
9041734
9013130
9007826
9002651
9003484
9000768
8167664
8162895
8142708
8147777
8149568
8120304
8123576
8052091
8113422
8041236
8005479
8007826
7157393
7165153
7168607
7150418
7146536
7136553
7137671
7137785
7138726
7139068
7136138
7121122
7121933
7121939
7045197
7049012
7050542
7052091
7053869
7030110
7034079
7041725
7045119
7004667
7005485
6165239
6152729
6146530
6137186
6137199
6138956
6142780
6136686
6053869
6113422
6120304
6052091
6052752
6051123
6025798
6024630
6007939
6008473
6003622
6000041
6002196
227956
227900
227873
227751
227598
226875
226958
226634
226671
226486
226170
226105
226075
225925
225586
225380
225353
225322
225283
225100
225084
225010
224917
224884
224753
224717
224655
224388
224411
224340
224293
223896
223900
223381
223245
223144
223150
223077
222957
222900
222758
222760
222769
222573
222421
222357
222293
222028
221987
221761
221724
221628
221559
221469
221324
221234
220944
220972
219820
219625
218232
217698
217563
216801
216814
216834
216688
216486
216465
216466
216354
216335
216156
216015
215970
215930
215785
215668
215259
215142
215102
215117
214997
214933
214955
214965
214854
214769
214608
214355
214247
214139
213638
213655
213436
213303
213148
213051
212977
212616
212188
212075
211688
211323
210964
210864
210832
210652
210413
210384
210281
210241
210112
209975
209937
209834
209660
209607
209547
209327
209331
209301
208949
208832
208808
208817
208777
208729
208374
208375
208418
208421
208134
207865
207862
207658
207641
206574
206536
206433
206273
206198
206058
206038
205887
205989
205995
205954
205943
205834
205850
205752
205683
205687
205540
205522
205217
205090
204963
204887
204838
204713
204689
204635
204639
204502
204485
204444
204381
204231
204171
204145
204147
204065
204096
204024
203830
203809
203551
203500
203461
203034
202954
202882
202771
202678
202633
202560
202477
202072
201940
201922
201875
201454
201400
201305
201329
201024
201041
200984
200896
200831
200765
200773
200601
200610
200440
200443
200458
200469
200312
199762
199590
199431
199474
199354
199378
199199
199151
199118
198953
198784
198683
198692
198538
198354
198377
198285
198240
198040
197975
195361
194916
194333
194135
194196
193685
193623
193476
193482
193510
193321
193172
193081
193041
193059
193028
192756
192775
192722
192658
192457
192492
192371
191096
191005
190875
190780
190683
190584
190569
190223
190240
190264
190043
189794
189802
189811
189436
189461
189349
189271
189272
189157
189117
188823
188770
188802
188390
188196
188094
188045
187942
187859
187702
187735
187175
187171
186942
186979
186876
186589
186434
186452
186503
186115
185068
184850
184780
184826
184614
184466
184477
184269
184085
183893
183900
183870
183681
183580
183542
183427
183347
182887
182748
182091
182002
181780
181506
181402
181460
181262
180826
180714
180430
180206
179983
179696
179668
179589
179527
178393
178284
178187
178085
177953
177761
177709
177578
177597
177525
177390
177311
177152
176903
176803
176442
176357
175934
175943
174379
173891
173631
173198
173204
173306
173097
173130
173147
172879
172610
172283
172200
172013
172068
172092
171877
171830
171732
170719
170355
170229
169808
169641
169649
169410
169446
169386
168865
168607
168650
168530
168317
168379
167797
167653
167431
167308
166850
166124
165816
165740
165234
164979
164477
164407
163890
163705
163761
163492
163495
163571
163600
163415
163474
163186
162949
162280
162314
162369
162024
162054
161863
161832
161678
159145
158963
158746
158420
158525
158138
157707
157304
156776
156544
156623
156530
156216
155961
155979
156012
156112
155820
155870
153045
152879
152908
152469
152514
151184
150516
150532
150568
150415
150309
149147
148839
148729
148123
147621
147584
147239
146970
146996
146744
146760
146695
146536
146111
144383
144200
143693
143207
142950
142677
140798
140222
139974
139038
138806
138507
137671
137578
137361
137166
137114
126925
123621
121591
119152
115533
116314
116391
114126
113278
112542
111477
112293
111085
110341
110677
108080
105318
103936
100803
60010
53826
53878
53012
52826
52107
50660
50713
50385
50620
49674
49369
49472
45874
45574
45601
45074
40900
23467
20176
19724
18122
13739
11811
10959
7763
5680
4732
2231
1803
805
9751
9176733
9176993
9177003
9184431
9189362
9164240
9164468
9164493
9165153
9167664
9167948
9168542
9170481
9171919
9173210
9155862
9156272
9157304
9158023
9158133
9158232
9158525
9159065
9159145
9161805
9162895
9163705
9143671
9147777
9147794
9148119
9148803
9149571
9152554
9153260
9154950
9155344
9137262
9137494
9138334
9138782
9141645
9142784
91164240
9120274
9120533
9121944
9135742
9112316
9113422
91135455
91146530
9048940
9051720
9052270
9053405
9053578
9053914
9016254
9025798
9026709
9007939
9008473
9001611
9002264
9003395
9003622
8152729
8153079
8155964
8159287
8163705
8165239
8171318
8137494
8138110
8138412
8146970
8051105
8053612
8053914
8112847
8121933
8121944
8011141
8024630
8005485
7814
7150516
7152747
7158023
7162476
7164082
7164493
7120274
7121944
7134956
7137186
7137494
7045595
7051105
7009014
7010535
7020289
7041635
7002264
69113422
69120533
69121939
69121944
69139869
69155862
69162895
69177003
69178372
69005479
69009014
69031432
69045674
69052091
6121622
6053405
6024438
6026709
6034079
6041674
6045197
6007814
6013130
6013732
6019896
5485
58
52474
51503
51771
52104
5213
50908
51105
49425
45172
4098
4111
41734
34373
31831
31834
25420
2651
24630
227912
227755
227774
227804
227852
227652
227563
227593
227647
227445
227275
227277
226822
226749
226540
225861
225951
225658
225694
225535
225553
225357
225244
225182
225168
224493
224347
224290
224124
223902
223926
223618
223682
223479
223394
223197
223078
223084
222955
222978
222576
221843
221621
221579
221477
221482
221483
221422
221428
221200
220982
220844
220918
220802
220816
220633
220433
220057
219913
219872
219787
219457
219216
218381
217819
216794
216698
216535
216409
216433
216450
216321
216359
216393
216174
216068
216117
216042
215452
215107
214988
214876
214665
214572
214604
214358
214371
214110
213864
213869
213777
213798
213630
213591
213489
213414
213307
213135
213075
213007
212601
212470
212471
212404
212419
212267
211439
211463
211354
210881
210441
210423
210216
210243
210259
210170
209620
209473
209436
209347
209183
208995
209034
208918
208838
208534
208476
208509
20800
20798
207852
207894
20775
207657
207672
207541
207552
207562
207566
207523
206651
206414
206225
205976
205923
205669
20556
205566
205601
205452
205509
205402
205410
205089
204970
204924
204787
204858
204685
204687
204496
204289
204386
204210
204185
204022
203810
203747
203592
203485
203347
203373
203375
203417
203292
203002
202951
202857
202750
202301
202200
20209
201995
201869
201877
201455
201508
201514
201403
201322
201257
201022
200845
200857
200922
200936
200730
200697
200529
200454
200180
200054
199598
199657
199520
199434
199451
199277
199290
199304
198329
198335
198368
198397
198159
198195
197952
197990
197169
196946
196952
197061
197083
196144
195365
195038
195088
195090
194932
194409
194059
194146
193348
193349
193144
193176
193061
192840
192841
192955
192728
192638
192279
192397
192118
191980
192027
191541
191566
191589
191487
191210
190937
190987
191032
191050
191089
190752
190588
190717
190507
190543
190329
190436
189714
189751
189772
189614
189536
189553
189480
189235
189303
189331
189338
188871
188616
188427
187800
187031
187076
187145
186832
187020
186801
186405
186132
186152
185405
185181
185000
184820
184890
184716
184753
184755
184766
183982
184010
184087
184111
183661
183720
183453
182495
182435
181786
180981
180255
179840
179955
179752
179767
179551
178479
178043
178086
177883
177886
177965
178007
177692
177553
177600
177495
177515
177134
177326
176927
176550
176389
176061
175379
175657
175105
173836
173300
173373
173484
173521
173210
172807
172418
172175
172177
171791
171828
171311
171318
171330
170919
170733
170051
169710
169792
169843
169852
169913
169527
169571
169126
169159
168365
168565
168633
167841
168293
166862
167329
166764
165882
165501
165564
165229
165239
165244
164478
163625
163631
163678
163265
163396
162982
162313
162131
160310
1611
159017
159287
158351
157741
157481
156585
156713
156299
156412
156272
155897
155931
154950
153164
153260
152743
151508
150656
149073
148564
148635
148771
148803
148119
148224
147777
146969
147455
146692
146741
146748
146513
143601
143671
143121
143068
142444
142780
139882
140029
139274
139313
139343
138933
138949
138129
138412
138436
137779
136130
136138
136594
135507
134941
124949
125586
12940
122849
123603
123629
120304
120312
117063
116335
113713
113045
113176
112244
11183898
11185103
11192318
11168542
11148224
11150724
11152554
11153079
11155862
11157481
11120274
11140601
11054050
11103936
109416
11000041
11003395
11007289
11009014
11010535
110117
106213
106573
105471
10183280
10183898
10185103
10165153
10168542
10169721
10170733
10171877
10178088
10179546
10143745
10146536
10148119
10158133
10162347
10162895
10163423
10138123
10138449
10138782
10138956
10142754
100807
10007826
10009014
10045119
10050542
10002147
9676
9183898
9167397
9167495
9167706
9176580
9176635
9176944
9162131
9163631
9164859
9164994
9165239
9148138
9152039
9152729
9153177
9156616
9143001
9146562
9136686
9137782
9138123
9119152
9121622
9052091
91007289
91007763
91020801
91028130
91031432
91052091
9034079
9045674
9048717
9049072
9020801
9007631
9007289
9001238
9001625
8473
9000041
8155862
8156616
8157481
8158810
8170369
8121122
8134979
8140601
8143001
8146530
8150724
8054050
8005471
8007289
8021146
7939
8000330
8001238
7743
7826
7153079
7157481
7158133
7162895
7171919
7178007
7289
7111093
7112253
7113422
7120312
7120533
7138123
7139869
7140274
7140601
7141645
7024438
7026992
7041236
7045062
7045186
7045574
7048717
7049045
7050598
7050641
7053612
7054050
7002651
7005471
7008517
7015723
7020801
7021146
7023015
6177643
684
6895
7000027
7001238
6149568
6150309
6151508
6152039
6152554
6152908
6153079
6153296
6157947
6164493
6167905
6137785
6138787
6139006
6139068
6139094
6139720
6139997
6140057
6143001
6143671
6146536
6146741
6114764
6123621
6123629
6135149
6049369
6051257
6054050
6013743
6015723
6020801
6023015
6026992
6031432
6041236
6045186
6001219
6001611
6001803
6003395
6003484
6004098
6011141
6013690
54021
5440
5471
5479
6000768
53827
53832
53914
53998
53578
53644
5208
52091
52270
52306
52679
52829
51366
51730
50588
50598
51123
51257
51261
51287
49886
50294
48940
49000
49212
49370
48717
48745
45605
46014
46736
4353
45062
45083
45186
45197
45226
45455
45504
41674
41784
42521
31432
32740
330
34308
3484
25798
26992
2769
2819
30110
30620
24248
225204
225226
225230
225145
225170
225028
224985
224503
224539
224427
224287
224207
223992
224037
224042
223893
223915
223819
223714
223800
223551
223557
223399
222886
222937
222639
222679
222519
222590
222634
222484
222382
222262
222270
221922
221838
221841
221714
221668
221515
221181
221270
221272
220821
220421
220177
220380
220109
220048
219796
2196
219623
219652
219411
219506
218980
217647
217699
2172
216667
216750
216530
216547
216429
216460
216341
216346
216349
216267
216313
216169
216194
216115
215688
215582
215510
215389
215239
215245
215260
215325
215144
215082
215037
215045
215051
214923
214947
2147
214492
214357
214263
214067
213937
214002
213900
213702
213732
213604
213624
213417
213418
213313
213296
213114
213028
212772
212280
212319
212139
212194
211990
211784
211504
211107
211017
210935
210880
210909
210713
210557
210464
210482
210324
210212
210217
210126
210140
209562
209453
209502
209504
209346
209118
209119
209027
209051
209090
208994
209001
208787
208799
208616
208670
208592
208454
208330
208128
208024
207920
207745
207675
207619
207581
206655
206407
206488
206200
205934
205955
205747
205756
205855
205633
205670
205679
205707
205510
205552
205569
205334
205362
205188
205192
205122
204966
204847
204537
204542
204366
204426
204276
204087
204016
203843
203848
203863
203872
203889
203840
203705
203483
203338
203069
203005
202935
202828
202642
202746
202515
202325
202259
202002
202035
202053
202054
201878
201465
201533
201332
201339
201377
201220
201227
201155
200949
200735
200521
200539
200562
200235
200111
199840
199752
199715
199517
199561
199602
199435
199464
199475
199482
199369
199393
199416
199205
199266
199283
199149
198989
199074
198706
198712
198717
198861
198701
198394
198437
198490
198257
198143
198146
198176
198198
198104
198117
198118
197970
197688
197721
197784
197831
197853
197900
197242
197068
196073
196142
196143
196569
195396
195859
195873
194996
195086
195182
194872
194911
194958
194806
194269
194089
194200
193949
193881
193747
193532
193584
193600
193627
193408
193420
193439
193448
193469
193504
193164
193173
193246
193053
193105
193130
192711
192732
192823
192613
192615
192641
192647
192671
192678
192537
192554
192350
192387
192227
192238
192086
192102
192129
191500
191655
191055
191160
190748
190812
190813
190611
190659
190666
190511
190528
190531
190564
190483
190149
190015
190034
189961
189728
189741
189596
189615
189690
189712
189505
189513
189568
189462
18919
189206
189218
189237
189059
189065
189121
189169
188930
188938
188586
188679
188756
188424
188428
188289
188325
188375
188152
188166
188271
188042
187961
187607
187671
187752
186992
187084
186939
186627
186672
186531
186547
186569
186578
186581
186607
186347
186351
186392
186408
186430
186190
186117
185221
185239
185103
185143
184943
185064
185072
184789
184881
184696
184643
184472
184312
184344
184368
184434
184133
184144
184271
184120
183907
183909
183940
183686
183781
183556
183568
183471
183284
183285
183070
183108
183129
183141
182836
182860
182882
182822
182628
182629
182177
182207
182212
182139
181816
181455
181456
181458
181281
180930
181098
180695
180283
179784
179751
179546
179563
178518
178616
178691
178713
178363
178424
178448
178487
178171
178211
178224
178237
178087
178088
177934
177974
178005
177644
177752
177533
177590
177598
177604
177610
177482
177324
177019
177105
176915
176944
176731
176773
176841
176600
176619
176627
176483
176403
176094
176230
175787
175894
175932
175996
175246
174542
174549
174804
173667
173734
173771
173426
173546
173228
172823
172871
172939
172423
172695
172723
172743
172294
172316
172049
171579
171688
171087
17146
170890
171017
170597
170660
170664
170770
170320
170369
169607
169705
169416
169051
168435
168472
168585
167812
167549
167628
167705
167706
167283
167305
166072
165517
165520
165580
165191
165243
164859
164978
164985
164994
165033
164505
164769
164079
164169
164234
164435
164462
164469
163756
163828
163665
163694
163264
163340
163402
163418
163419
163488
163489
163050
1625
162891
162932
162409
161754
161805
161956
162072
160578
161682
161700
159436
159580
159265
158804
158810
158856
158932
159034
159065
158625
158626
158676
158133
158372
157295
157405
157430
15723
156698
155883
155896
155946
155954
156094
155611
155625
155813
155041
155355
155446
153938
153177
152997
152999
152741
152840
152536
152567
151515
150891
150368
150468
150278
149619
149667
149791
14916
149184
148866
148872
148711
148138
147660
146758
146377
146458
145149
144010
144021
143632
143745
143809
143274
143283
143587
142827
142938
143022
142784
142798
142359
140601
140293
140420
140497
140141
139668
139776
139869
139968
139533
139229
139296
139368
139062
139094
138784
13879
138798
13843
138065
138066
138080
138153
138287
137785
137854
13743
137506
137186
136363
136553
136631
13690
135697
135778
135455
134906
134979
135190
134765
134779
134783
123610
1238
121622
1219
11918
119689
11983
11998
120018
1179
116494
112628
112253
11177003
11179527
11183277
11165239
11139068
11150418
11152908
111022
110774
11030110
110368
11007826
107651
107713
105846
106231
10535
105803
103496
10184941
10184943
10189681
10167948
10168435
10173210
10173731
10176266
10176635
10177003
10178224
10178372
10179813
10179846
101803
10183277
10183556
10152039
10152729
10152908
10155862
10156616
10157304
10157481
10157503
10158023
10120533
10137782
10140601
10141645
10142784
10146741
10147777
10113422
10041635
10045197
100470
10049072
10049369
10052091
10053050
10000041
10001625
10005479
10007289
10007763
10008473
10008517
10010535
10013743
10020289
10031432
6141645
6135479
6106573
6039943
6007784
6001075
6000241
53013
91007289_bk
222014
221913
221909
221908
221890
221806
221651
221642
221637
221634
221578
221569
221434
221404
221365
221327
221294
221284
221097
221087
221012
220995
220926
220914
220815
220763
220678
220624
220619
220569
220494
220486
220466
220450
220287
220204
220172
219676
219436
218978
218474
216216
215797
214816
214752
214161
213700
213257
212152
206069
200867
196814
193577
187790
162779
148740
111029
137133
9833
9106573
878
8205
8012
7647
6647
5809
54033
54013
53874
53855
53847
53785
53604
53525
53055
53014
52958
52280
51394
51378
51358
51159
49939
49920
49485
49488
49116
49072
48752
48023
47706
46740
45842
45461
45462
45119
45080
4421
41874
39943
3813
34079
28061
27971
28
24851
23015
21570
213211
213212
213209
213160
213157
213027
212932
212814
212767
212730
212727
212725
212723
212592
212539
212477
212400
212377
212341
212298
212212
212137
212056
212031
212024
211783
211559
211424
211395
211373
211348
211272
211267
211250
211152
211119
211086
211067
211041
210801
210779
210761
210739
210660
210570
210545
210536
210513
210465
210296
210280
210275
210264
210257
210020
210016
209992
209969
209964
209950
209888
209874
209873
209799
209800
209787
209786
209742
209711
209631
209573
209570
209568
209552
209483
209411
209378
209372
209371
209314
209312
209308
209297
209287
209179
209169
209091
209069
209053
209040
209039
208993
208898
208892
208790
208705
208686
208636
208602
208574
208502
208470
208427
20817
208064
208022
208013
208004
207984
207853
207818
207785
207733
207725
207664
207564
207507
207476
207465
207422
207410
206662
206521
206408
206254
206077
205878
205735
205728
205699
205589
205529
205340
205330
205214
205210
205185
205158
204945
204845
204731
204555
204451
204448
204411
204259
204213
204156
204136
204092
204060
203965
203928
203899
203888
203845
203801
203729
203632
203458
203446
203434
203382
203381
203331
203299
203280
203279
203256
203244
203236
203210
203113
202985
202968
202931
202858
202849
202842
202837
202832
202819
202748
202721
202676
202672
202530
202459
202379
202348
202345
202292
202289
202184
202171
202169
202143
202101
202087
202078
202075
202069
202050
201982
201941
201898
20172
201529
201491
201449
201409
201327
201269
201176
201170
201118
201079
200962
200774
200752
200726
200647
200586
200574
200532
200519
200318
200315
200316
200146
200130
200134
200110
200105
200106
200094
199833
199764
199763
199729
199737
199684
199669
199633
199626
199584
199526
199490
199456
199398
199319
199301
199262
199253
199157
199110
199025
199007
199005
198914
198900
198832
198836
19874
198648
198635
198599
198589
198573
198467
198478
198414
198373
198363
198348
198330
198331
198310
198256
198244
198196
198164
198113
198077
198067
198063
198017
198006
197925
197911
197901
197890
197641
197238
196991
196899
196064
195839
195540
195258
195080
194997
194915
194847
194791
194716
194574
194367
194209
194018
194022
193938
193887
193886
193849
193768
193714
193697
193608
193549
193529
193443
193415
193357
193337
193320
19332
193313
193311
193303
193290
193267
193249
193183
193171
193006
192790
192789
192701
192665
192649
192635
192620
192611
192568
192540
192463
192445
192439
192373
192362
192337
192301
192175
192163
192162
192160
192153
192094
192072
192064
192045
192047
192041
192033
192030
192016
191996
191922
191897
191871
191868
19184
191819
191782
191725
191688
191497
191437
191432
191181
191180
191123
191045
190972
190876
190868
190826
190799
190779
190765
190758
190716
190651
190629
190630
190607
190598
190575
190544
190491
190467
190438
190360
190243
190200
190195
190156
190150
190127
189955
189885
189849
189805
189795
189687
189680
189681
189646
189509
189508
189488
189457
189437
189426
189373
189362
189358
189324
189280
189246
189217
189175
189167
189153
189141
189110
189024
188970
188917
188916
188877
188762
188654
188575
188556
188506
188490
188484
188403
188388
188377
188278
188257
188234
188168
188157
188161
188155
188070
188041
188031
188017
188005
187944
187850
187846
18785
187815
187773
187760
187755
187666
187601
187602
187517
187350
187339
187205
187184
187132
187047
186993
186982
186953
186912
186852
186839
186823
186805
186793
186710
186674
186666
186650
186595
186590
186559
186549
186513
186456
186415
186395
186380
186346
186325
186302
186296
186253
186200
186197
186158
186148
186143
186133
186130
186116
186101
185438
185394
185183
185192
185129
185120
185073
185061
184980
184927
184900
184901
184885
184749
184706
184584
184501
184471
184457
184339
184337
184338
184334
184336
184301
184290
184285
184278
184249
184220
184200
184189
184082
184001
183924
183896
183887
183871
183855
183823
183792
183722
183540
183544
183519
183480
183483
183465
183436
183422
183394
183339
183287
183130
182945
182941
182866
182862
182763
182733
182688
182494
182441
182270
182179
182178
182156
182152
182087
181989
181917
181907
181820
181809
181796
181738
181699
181681
181481
181483
181462
181466
181459
181392
181228
181006
180796
180716
180693
180679
180685
180432
180351
180337
180279
180250
180181
179972
179922
179909
179897
179899
179864
179847
179822
179783
179731
179665
179633
179586
179574
179537
178599
178589
178567
178535
178431
178430
178416
178316
178221
178218
178132
178111
178037
177980
177937
177887
177875
177803
177800
177712
177666
177643
177573
177404
177401
177315
177289
17725
177049
177052
176966
176934
176901
176842
176846
176769
176756
176733
176674
176553
176518
176481
176396
17635
176322
176270
176137
176104
176107
175895
175753
175683
175387
175316
175253
175092
174859
174737
174746
174203
173909
173835
173671
173514
173432
173436
173414
173401
173361
173208
173132
172960
172882
172844
172716
172722
172691
172685
172672
172555
172290
172199
172114
172122
172094
171992
171971
171896
171721
171574
171555
171369
171321
171190
171183
171088
171077
171082
171044
171019
170903
170797
170785
170585
170472
170213
170163
170149
169941
169721
169713
169697
169596
169595
169586
169588
169584
169483
169464
169415
169408
169345
169198
169181
169106
168883
168879
168621
168567
168354
168312
168297
167963
167683
167669
167626
167614
167624
167575
167530
167100
167098
166928
166750
166708
165911
165880
165857
165809
165769
165754
165526
165536
165434
165403
165180
164957
164876
164559
164507
164459
164233
164094
164082
164029
163925
163913
163873
163824
163806
163791
163766
163666
163585
163491
163476
163407
163342
163303
163254
163116
163124
162886
162347
162328
162329
162047
161841
161836
161804
161697
161667
159819
159599
159577
159499
159490
159175
159172
159147
158871
158826
158851
158777
158685
158664
158144
158131
157936
157698
157515
157407
157393
157310
157128
157053
157038
157031
156689
156649
156549
156535
156368
156373
156256
156170
156142
155989
155977
155886
155887
155863
155621
155567
155584
155530
155344
155339
154472
153608
153297
153222
153175
153084
153014
152926
152912
152900
152893
152880
152830
152826
152828
152822
152778
152747
152740
152650
152603
152454
152181
152127
151376
150650
150565
150418
150360
150035
149824
149804
149687
148814
148751
148720
148673
148625
148526
148403
148122
147921
147779
147613
147579
146974
146797
146702
146637
146527
146514
146410
146296
146011
145651
145657
145595
144750
144655
144280
144086
143748
143135
143119
143102
143031
143055
142822
142794
142762
142670
142601
142603
142450
141645
140981
140620
140535
140498
140468
140445
140384
140257
140262
140276
140256
140140
140085
139865
139843
139860
139838
139799
139714
139597
139555
139489
139223
13914
139006
138993
138971
138786
138708
138449
138289
138188
138181
138110
138052
137960
137987
137832
137815
137677
137510
137449
137427
137262
137199
136775
136601
136508
136275
136187
135859
135819
135742
135576
135524
135499
135479
135466
135460
135377
135149
135043
135032
130687
13038
12445
124375
123586
122827
122792
12253
121945
121937
121568
120309
120274
118868
116762
116677
116081
116024
115888
11427
113524
113422
112392
111503
111206
111172
111163
110842
110787
110376
110377
110283
110297
110019
108750
108075
107796
10764
106850
105945
105330
104742
104732
104509
104442
103933
103930
101490
101378
100806
100521
51733
35713
3246
220128
220122
220093
220070
220051
219918
219862
219827
219812
219807
219707
219681
219677
219659
219650
219646
219641
219584
219573
219522
219521
219503
219500
219493
219489
219174
219117
218687
218621
218467
218397
217972
217808
217594
217118
216836
216800
216701
216666
216643
216578
216410
216358
216269
216243
216224
216175
216145
216085
215982
215707
215656
215650
215529
215497
215420
215341
215337
215316
215285
215180
215169
215160
215154
215111
215108
215101
215066
215064
215057
214982
214979
214906
214851
214786
214717
214710
214711
214675
214668
214655
214647
214609
214493
214488
214415
214331
214329
214269
214245
214238
214208
214194
214150
214123
214109
214066
214012
213956
213926
213928
213886
213877
213823
213813
213796
213787
213743
213648
213613
213585
213581
213491
213471
213445
213355
213321
213318
213291
213079
213072
212896
212893
212573
212210
212192
212063
211976
211855
211802
211675
211147
210007
209789
209780
208567
208473
208291
207728
207444
206589
206396
206358
206074
205892
205181
204720
204613
204472
203890
203789
203477
202873
200819
200206
200187
199488
199234
198351
198218
198162
19582
194873
194737
194406
193159
191138
191062
190228
189569
189228
189207
188954
188111
187444
187075
186829
186500
183894
182528
182255
181991
181250
180980
180738
178565
178566
177367
176611
176609
176306
176102
175462
172547
169972
169479
167569
167232
164204
162505
161871
158795
158540
156477
149978
146937
146121
143596
143138
140078
139789
138920
138816
137769
135344
123581
116425
10000241
10000246
10000250
10001075
100033
10007784
1001
10013038
100143
10024630
100325
100326
100329
100330
100387
100391
10039943
10053302
10053914
10054013
100557
100559
100578
100580
100585
100670
100701
100707
100743
100745
100751
100758
100792
100799
100804
100889
100899
100905
100907
100932
100964
101015
101058
10106850
10107715
101160
10119152
101282
10133
10135475
10136144
10137677
10138412
10138726
10139843
10140057
101411
10146562
10146758
101473
101482
101488
101496
10150516
10152747
10152999
10155355
10155885
10155897
10158372
101590
10161648
10162240
10163631
10163699
10164468
101658
10166706
10167963
101689
10170797
10171897
10173208
10173909
101749
10176580
10176993
10177134
10177610
10179527
10179591
10181820
10182495
10182521
10183
10184144
10186627
101868
101875
10187688
101882
10188428
101891
10189362
10189505
101997
102001
102021
102056
102060
102081
102084
102088
102129
102133
102293
102356
102359
102409
102587
102588
102593
102881
103117
103133
103307
103578
103581
103582
103735
103938
104047
1041
104100
104101
104296
104389
104462
104463
104467
104472
104476
10451
10457
1046
10466
10468
104702
104733
104737
104743
104940
105046
105308
105314
105327
105338
105342
10540
105443
105454
105466
105474
105530
105532
105533
105558
105663
105748
105827
105834
10584
105865
105866
106019
106112
106134
106183
106202
106364
106431
106436
106510
106539
106560
106582
106686
106795
106874
107084
107103
107261
107263
107280
107305
107320
107391
107494
1075
107528
107579
107634
107705
107715
107758
107794
10780
107904
108060
108061
10824
108361
108583
10863
108658
108784
1088
10899
109724
109809
1099
109910
109969
11
11000241
11001041
11001088
11001179
11001219
11001256
11001625
110020
11002147
11002196
110023
110026
11005467
11005471
11007631
11007743
11007763
11007784
110082
11008473
11008517
11009676
11011141
11013038
11013732
11013743
110146
11016254
1102
11020289
11021146
11023461
11024630
110301
11031432
11034079
110371
110375
110379
110389
11039943
110402
11041635
11045119
11045197
11045574
11045674
11046590
11046815
11048717
11048745
11048940
11049072
11049370
11050542
11052091
110525
11053012
11053050
11053055
11053116
11053302
11053578
11053612
11053914
11054013
11054033
110606
110627
110638
110652
110657
110692
110810
110811
110843
110852
110856
110880
110979
110987
111008
111010
111023
111033
111038
111040
111041
11106573
11106850
11107715
11108080
111083
111091
111105
111114
111125
11113176
111137
11119152
111195
11120312
11120533
11121939
11121944
11123603
111238
11125
111310
111320
111328
111329
11135475
11136144
11137186
11137361
11137677
11138110
11138123
11138412
11138449
11138726
11138782
11138956
11139094
11139843
11139869
11141645
11142707
11142708
11142750
11143745
11146562
11146692
11146741
11146748
11146758
11146760
11147777
11148711
11148803
11149184
11150516
11152039
11153296
11154950
11155355
11155897
11156616
11157304
11157503
11158133
11158372
11158810
111590
11159145
11159287
11161648
11161754
11162131
11162347
11162409
11162835
11162895
11163631
11163423
11163699
11163705
11164082
11164169
11164240
11164468
11164469
11164859
11164959
11165153
11165229
11165580
11166706
11167305
11167397
11167664
11167943
11167948
11167963
11168312
11168435
11169721
11170369
11170481
11170733
11170770
11170797
11171688
11171833
11171877
11172049
11172098
11173208
11173210
11173909
11176600
11176635
11176676
11176944
11176993
11177134
11177413
11177610
11178088
11178372
11178562
11178603
11179546
11179591
11179784
11179813
11179846
11179944
11180175
11180432
11180930
11181783
11182521
11182879
11183280
11183285
11183556
11183907
11184431
11184943
11186146
11186153
11187735
11188350
11188545
11189332
11189358
11189362
11189505
11189575
11189596
11190871
11191180
11193130
11193348
11198213
11198710
11199304
11215
112230
112240
112241
112243
112251
112287
112292
112333
112352
112358
112362
112365
112373
112384
112389
112393
112396
112476
112536
112549
112552
112554
112556
112562
112594
11260
112640
112712
112716
112745
112754
112778
112811
11285
112875
112883
112920
112964
112978
11301
113188
113207
113343
11336
113384
113419
113428
11346
11348
113521
113555
11358
113699
11381
11386
113942
114008
114038
114082
114123
11414
11415
11430
114356
114531
114555
114604
114663
114764
11486
11488
11495
11496
114960
11535
115577
11574
11576
115768
115823
115909
115918
115926
11595
11603
116197
116227
116308
116309
116334
116346
11642
116479
116620
116655
11671
116745
116746
116866
116914
116917
116938
116952
116959
11696
11698
117015
117022
117062
117094
117109
117249
117343
117396
117424
117438
117492
117631
117655
11769
1178
11785
11787
117893
11791
11793
11797
11800
118054
11808
11814
11824
11830
118352
118359
118393
11841
118646
118662
118794
118844
11920
119233
119275
119422
119516
119723
119834
120022
120044
120054
120060
12011
120202
120270
120280
120297
120306
120313
120326
120339
120355
120415
120451
12070
121122
121134
121170
121185
121193
12139
12164
121901
121922
121933
121940
121971
121988
122040
122048
122066
122118
122124
122162
122164
122270
122361
122445
122541
122542
122574
122586
122593
122649
122660
122718
122723
123073
123116
123158
123159
123463
1235
123576
123597
123611
123620
123623
12451
124607
124635
124871
124976
125071
1256
125871
125995
126463
12666
12695
12726
127432
12767
127689
127747
128529
1289
129133
129143
129566
13040
13042
130893
130933
13117
13124
13127
131444
1318
132740
133249
13349
13354
13403
134534
134594
134610
134621
134627
134634
134635
134683
134688
134697
134734
134744
134746
134777
134785
134787
134792
134809
134810
134811
134812
134820
134821
134824
134828
134881
134947
134949
134956
134957
134963
134968
134980
134982
135056
135061
135069
135073
135077
135078
135080
135084
135095
135098
135197
135218
135282
135291
135294
135303
135324
135326
135339
135364
135380
135382
135392
135401
135440
135443
135454
135461
135465
135472
135473
135482
135527
135530
135537
135575
135587
135594
135606
135616
135656
135718
135734
135738
135743
135808
135820
135845
135861
135866
135872
135883
135891
136061
136074
136110
136113
136120
136124
136133
136137
136144
136168
136170
136177
136194
136228
136248
136265
136286
136293
136365
136445
136451
136454
136456
136467
136504
136507
136522
136556
136590
136642
136686
136699
136753
136764
136834
136839
136875
136941
137026
137077
137080
137089
137103
137109
137138
137143
137144
137151
137159
137160
137163
137171
137179
137185
137200
137204
137206
137220
137228
137232
137261
137267
137270
137277
137278
137282
137309
137317
137324
137330
137351
137356
137359
137363
137373
137378
137380
137397
137403
137406
137410
137425
137438
137440
137461
137464
137466
137494
137498
137509
137511
137519
137527
137534
137551
137552
137553
13760
13761
137637
137659
137661
137664
137679
137686
137692
137708
137725
137729
137734
137758
137763
137767
137774
137786
137809
137826
137829
137862
137956
138024
138050
138076
138083
138086
138089
138091
138098
138123
138139
138151
138154
138155
138156
138180
138185
138195
138239
138243
138246
138247
138249
138251
138279
138280
138288
138291
138295
138296
138297
138299
138334
138336
138351
138353
138355
138373
138381
138384
138390
138394
138413
138415
138423
138429
138431
138445
138451
138452
138453
138455
138456
138457
138460
138462
138463
138468
138497
138528
138529
138532
138539
138564
138588
138637
138652
138667
13867
138670
138673
138679
138698
138699
138703
138704
138710
138712
138719
138722
138729
138755
138783
138787
138822
13883
138830
138841
138871
138878
138880
138885
138892
138901
138900
138903
13891
138911
138918
138921
138932
138945
138957
138958
138972
138981
138984
138986
138987
138995
139001
139016
139017
139031
139056
139057
139064
139068
139070
139073
139076
139086
139090
139124
139163
139165
139169
139171
139181
139186
139200
139211
139213
13922
139222
139224
139225
139226
139228
139233
139245
139248
139257
139262
139263
139292
1393
139300
139301
139305
139311
139316
139317
139345
139347
139348
139349
139350
139370
139372
139385
139393
139407
139415
139417
139420
139423
139439
139440
139442
139454
139459
139464
139471
139474
139475
139476
139479
139482
139483
139499
139500
139527
139529
139531
139534
139535
139541
139549
139551
139561
139572
139579
139609
139621
139643
139654
139669
139700
139701
139716
139723
139727
139728
139755
139783
139784
139786
139788
139792
139795
139797
139801
139829
139836
139837
139862
139866
139871
140008
140035
140038
140040
140060
140082
140119
140121
140142
140144
140153
140155
140156
140161
140164
140168
140210
140215
140227
140251
140253
140274
140277
140284
140300
140307
140406
140411
140415
140417
140418
140422
140423
140424
140440
140442
140451
140453
140456
140462
140483
140488
140492
140507
140520
140522
140526
140529
140595
140596
140607
140618
140630
140656
140739
140785
140898
140906
140975
141001
14106
141091
141092
141099
141111
141146
141196
141198
1412
141200
141266
141272
141284
141286
141308
14185
142101
142241
142258
142266
142270
142271
142273
142284
142289
142291
142293
142313
142318
142321
142333
142338
142344
142357
142381
142385
142402
142451
142454
142455
142532
142550
142616
142704
142707
142721
142750
142753
142773
142775
142782
142829
142942
142959
142966
142978
143008
143032
143076
143088
143101
143156
143160
143168
143192
143197
143200
143224
143407
143590
143609
143610
143644
143666
143674
143699
143743
143746
143869
143764
143918
144016
144024
144037
144050
144055
144075
144080
144097
144114
144306
144349
144368
144418
144430
144432
144435
144440
144511
144589
144653
144727
144741
144748
144755
144802
144849
14487
144947
144956
144963
144964
144968
144979
144980
145014
145020
145025
145047
14510
145117
145122
145159
145257
145269
145274
145340
145368
145374
145398
145423
145583
145584
145586
145591
145620
145627
145758
145760
145830
145889
145899
145902
145903
145937
145996
146003
146020
146037
146058
146059
14607
146104
146288
146305
146373
146374
146450
146452
146453
146459
146460
146462
146464
146475
146482
146486
146487
146500
146501
146510
146521
146537
146545
146558
146561
146568
146571
146589
146612
146621
146634
146636
146645
146660
146672
146674
146687
146688
146691
146701
146704
146710
146718
146743
146745
146749
146750
146751
146753
146759
146762
146769
146786
146838
146848
146932
146939
146941
146944
146945
146952
146953
146955
146956
146963
146973
146992
147000
147001
147004
147007
147016
147020
147024
147042
147086
147088
147131
147196
147205
147237
147292
147305
147419
147421
147424
147427
147440
147445
147449
147461
147498
147518
14752
147559
147600
147619
147620
147623
147627
147637
147694
147700
147708
147712
147742
147752
147754
147782
147806
147817
147903
147923
147931
147964
148111
148131
148137
148140
148143
148144
148146
148159
148167
148194
148196
148200
148212
148217
148218
148232
148253
148258
148302
148373
148410
148423
148426
148430
148431
148434
148454
148470
148476
148478
148480
148518
148544
148569
148584
148622
148634
148684
148685
148696
148700
148705
148706
148721
148731
148739
148741
148745
148756
148758
148762
148764
148765
148808
148811
148817
148828
148854
148890
148999
149002
149027
149064
149066
149067
14907
149077
149094
149097
149134
149136
149165
149178
149182
149185
149194
149196
149215
149218
149224
149230
149231
149237
149241
149242
149257
149258
149263
149269
149270
149280
149292
149306
149309
149449
149568
149570
149571
149572
149598
149611
149612
149618
149647
149654
149657
149662
149668
149672
149673
149679
149697
149717
149718
149721
149737
149770
149775
149780
149782
149790
149825
149827
149831
149852
149857
149866
149975
150024
150026
150106
150174
150189
150228
150231
150249
150267
150287
150338
150340
150354
150359
150374
150382
150389
150403
150414
150417
150425
150447
150451
150471
150472
150477
150490
150493
150496
150502
150508
150514
150515
150525
150539
150548
150549
150554
150559
150564
150566
150583
150590
150588
150594
150645
150655
150657
150669
150676
150677
150721
150729
150735
150746
150761
150764
150810
150830
150894
150898
150949
151019
151027
151095
151101
151120
151133
151135
151141
151144
151159
151168
151175
151199
151208
151213
151225
151226
151270
151389
151419
151473
151498
151568
151586
151590
151648
151658
151664
151708
151710
151753
151764
1518
151815
151871
151885
151891
151976
152031
152038
152046
152047
152048
152065
152078
152080
152092
152095
152122
152126
152132
152134
152147
152211
152256
152265
152271
152273
152356
152456
152463
152480
152482
152483
152484
152493
152505
152507
152508
152511
152519
152521
152522
152523
152541
152555
152558
152574
152588
152590
152594
152598
152609
152616
152618
152620
152621
152629
152643
152645
152678
152690
152695
152697
152699
15270
152712
152718
152723
152724
152725
152735
152736
152739
152745
152746
152748
152750
152761
152787
152789
152795
152798
152800
152815
152817
152819
152821
152825
152831
152843
152847
152855
152866
152870
152875
152876
152883
152887
152894
152896
152899
152902
152907
152909
152914
152916
152920
152922
152927
152933
152950
152961
152990
152991
152992
152993
152996
153004
15302
153042
153048
153052
153060
153064
153087
153100
153144
153148
153150
153160
153185
153195
153197
153205
153221
153240
153255
153267
153275
153282
153283
153292
153293
153295
153298
153302
1539
15390
153934
154244
154442
154454
154479
154543
154545
154546
154563
154568
154634
154738
154867
154875
154954
155018
155035
155086
1551
155264
155266
155267
155272
155277
155289
155295
155296
155299
155309
155315
155317
155325
155328
155330
155334
155340
155348
155349
155351
155352
155368
155376
155383
155407
155408
155420
155422
155447
155463
155494
155517
15552
155524
155525
155532
155533
155534
155537
155541
155551
155586
155589
155592
155598
155615
155617
155631
155646
155655
155671
155676
155681
155694
155724
155739
155740
155742
155757
155798
155807
155808
155810
155811
155827
155835
155852
155854
155858
155861
155871
155877
155881
155884
155891
155898
155901
155902
155910
155915
155929
155930
155937
155956
155964
155972
155974
155976
155981
155984
156008
156017
156025
156097
156120
156124
156128
156129
156162
156164
156165
156166
156167
156173
156221
156222
156227
156233
156252
156253
156257
156259
156271
156275
156282
156289
156301
156308
156313
156315
156331
156342
156358
156371
156375
156376
156385
156413
156414
156421
156422
156423
156433
156434
156438
156443
156453
156462
156464
156467
156473
156484
156496
156500
156506
156511
156518
156519
156542
156545
156555
156593
156600
156625
156634
156650
156655
156664
156675
156676
156677
156678
156681
156683
156688
156704
156707
156711
156723
156726
156745
156768
156786
156801
156838
156876
156894
156905
156908
156914
156920
156939
156950
156956
156959
156961
156975
156986
156988
157006
157018
157020
157022
157030
157035
15704
157060
157071
157076
157089
15709
157098
157099
157117
157133
157143
157168
157190
157191
157217
157226
157240
157269
157270
157279
157293
157300
157301
157305
157306
157331
157371
157392
157397
157403
157408
157412
157427
157432
157434
157463
157470
157479
157482
157492
157493
157495
157502
157503
157511
157518
157520
157521
157528
157537
157546
157573
157581
157582
157589
157592
157617
157618
157629
157661
157663
157675
157678
157680
157682
157687
157703
157706
157716
157723
157727
157734
157752
157757
157774
157786
157787
157791
157797
157801
157803
157823
157840
157941
157945
157947
157948
157954
157957
157978
157983
15800
158036
158085
158086
158087
158088
158089
158111
158121
158127
158128
158132
158142
158151
158167
158172
158178
158185
158196
158216
158221
158227
158228
158232
158242
158254
158260
158268
158271
158282
158333
158370
158375
158385
158394
158428
158435
158438
158440
158443
158444
158453
158455
158476
158485
158505
158522
158541
158543
158589
158595
158624
158627
158657
158667
158675
158677
158678
158716
158718
158734
158738
158742
158766
158797
158799
158800
158806
158817
158855
158867
158877
158879
158887
158902
158905
158912
158915
158933
158937
158994
158996
159000
159001
159005
159028
159039
159040
159042
159043
159051
159073
159074
159077
159080
159096
159160
159167
159168
159197
159202
159216
159233
159234
159236
159240
159241
159255
159256
159274
159278
159283
159284
159295
159302
159315
159330
159354
159357
159370
159379
159381
159418
159447
15947
159487
159495
159506
159510
159512
159518
159529
159566
159578
159579
159581
159582
159583
159595
15976
159818
159824
15992
16
160293
160294
160295
160305
160311
160316
160527
160556
160593
160615
160642
160741
160744
160760
160769
160770
160772
160774
16097
161215
161237
16125
161468
161510
161530
161596
161626
161642
161644
161646
161651
161658
161664
161665
161690
161733
161735
161737
16177
161776
161780
161781
161787
161793
161801
161807
161834
161840
161857
161861
161882
161921
161930
161938
161943
161969
161977
161998
161999
162004
162006
162008
162025
162029
162039
162040
162043
162045
162053
162052
162056
162070
162074
162123
162126
162128
162134
162145
162147
162172
162173
162174
162193
162198
162210
162220
162221
162222
162223
162226
162234
162245
162265
162267
162297
162312
162315
162335
162342
162343
162365
162389
162391
162397
162399
162407
162408
162411
162417
162441
162454
162455
162470
162471
162473
162476
162512
162514
16261
162685
162776
162780
162796
162821
162827
162829
162860
162869
162884
162888
162889
162890
162892
162893
162896
162899
162900
162901
162926
162927
162928
162978
162979
162980
162981
162993
162997
163011
163018
163023
163036
163039
163043
163049
163051
163057
163072
163083
163092
163135
163141
163143
163145
163147
163148
163156
163158
163161
163167
163168
163169
163170
163184
163187
163203
163207
163212
163226
163261
163263
163287
163301
163302
163306
163339
163346
163347
163350
163351
163352
163356
163363
163365
163369
163370
163371
163393
163405
163423
163424
163425
163429
163445
163461
163466
163477
163479
163480
163490
163500
163526
163527
163530
163569
163570
163578
163579
163581
163582
163584
163608
163609
163611
163613
163616
163619
163621
163626
163627
163634
163640
163653
163658
163661
163664
163670
163693
163697
163699
1637
163711
163713
163730
163731
163734
163754
163757
163762
163768
163774
163779
163794
163796
163803
163804
163810
163821
163848
163855
163856
163865
163870
163897
163898
163901
163907
163908
163927
163928
163955
163972
163979
163985
163987
163989
163990
163991
163994
163995
163999
164008
164010
164041
164076
164080
164092
164103
164114
164136
164149
164162
164182
164199
164211
164239
164256
164279
164281
164288
164299
164300
164301
164320
164335
164339
164361
164370
164378
164384
164417
164431
164464
164465
164467
164470
164471
164484
164491
164514
164522
164529
164542
164543
164556
164561
164568
164571
164572
164579
164581
164585
164587
164598
164608
164610
164612
164613
164618
164620
164626
164630
164633
164635
164642
164643
164645
164657
164680
164722
164734
164760
164764
164766
164768
164770
164771
164773
164827
164829
164839
164849
164851
164852
164853
164854
164855
164856
164857
164858
164873
164878
164880
164890
164907
164910
164911
164959
164967
164973
164977
164986
164996
165001
165003
165010
165012
165021
165025
165027
165031
165065
165070
165109
165161
165169
165174
165176
165178
165179
165185
165190
165195
165219
165226
165230
165232
165233
165235
165237
165240
165241
165247
165255
165263
165267
165269
165314
165316
165321
165329
165404
165416
165427
165429
165435
165440
165441
165446
165449
165451
165455
165456
165458
165460
165468
165474
165490
165494
165502
165503
165505
165509
165546
165547
165555
165568
165586
165615
165662
165667
165671
165673
165677
165715
165716
165722
165724
165735
165736
165738
165748
165756
165760
165783
165784
165788
165790
165792
165793
165804
165805
165820
165825
165856
165862
165867
165868
165879
165885
165888
165889
165890
165891
165903
165908
165909
165925
165932
165937
166020
166038
166039
166073
166074
166080
166082
166088
166093
166113
166114
166117
166118
166119
166120
166121
166122
166123
166129
166137
166146
166149
166314
166315
166376
166382
166387
166406
166440
166664
166675
166676
166690
166691
166710
166713
166736
166744
166779
166838
166841
166844
166847
166848
166851
166853
166855
166879
166906
166918
166919
166924
166937
166940
166943
167005
167054
167078
167086
167101
167111
167134
167135
167159
167180
167198
167208
167237
167285
167302
167306
167328
167362
167367
167382
167384
167393
167413
167414
167423
167424
167425
167426
167430
167435
167436
167452
167497
167499
167510
167513
167515
167516
167518
167519
167520
167521
167524
167525
167526
167529
167531
167532
167536
167538
167539
167553
167559
167560
167561
167571
167590
167599
167600
167601
167627
167646
167654
167662
167666
167667
167680
167691
167693
167694
167695
167697
167749
167803
167833
167834
167836
167838
167867
167868
167874
167919
167925
167926
167931
167933
167936
167940
167946
167954
167958
167959
167967
167974
167983
167985
168283
168290
168294
168303
168329
168341
168345
168347
168362
168375
168397
168403
168405
168440
16845
168473
168484
168518
168561
168580
168583
168587
168590
168593
168600
168605
168610
168630
168655
168676
168730
168732
168798
168799
168864
168866
168869
168880
168881
168882
168888
168898
168913
168930
168941
168943
168950
168962
168961
168964
16897
168974
168981
168983
168984
169006
169043
169053
169063
169067
169069
169071
169072
169078
169085
169087
169093
169100
169102
169112
169118
169144
169150
169152
169155
169158
169163
169169
169174
169184
169191
169195
169207
169208
169210
169214
169221
169223
169263
169267
169317
169324
169329
169337
169343
169347
169348
169366
169383
169387
169388
169389
169391
169393
169403
169404
169405
169407
169414
169422
169423
169424
169426
169432
169435
169441
169445
169447
169448
169450
169451
169452
169458
169461
169465
169474
169481
169489
169493
169495
169498
169502
169509
169521
169534
169537
169539
169544
169551
169568
169575
169578
169591
169593
169597
169600
169602
169604
169609
169619
169623
169631
169633
169638
169639
169642
169644
169645
169648
169650
169700
169701
169706
169708
169709
169714
169725
169736
169755
169758
169764
169770
169784
169800
169804
169805
169806
169815
169817
169820
169844
169850
169856
169858
169862
169898
169901
169907
169909
169912
169919
169933
169934
169938
169939
169947
169954
169978
170008
170009
170015
170027
170039
170056
170069
170072
170074
170078
170082
170095
170102
170104
170110
170144
170159
170164
170231
170249
170252
170255
170281
170286
170288
170290
170300
170305
170307
170309
170338
170342
170345
170346
170349
170353
170428
170438
170445
170446
170456
170457
170475
170494
17051
170514
170516
170523
170529
170551
170565
170568
170569
170570
170592
170602
170612
170615
170632
170635
170689
170720
170723
170748
170760
170766
170771
170773
170783
170795
170798
170802
170809
170814
170815
170818
170830
170854
170865
170877
170879
170902
170912
170915
170916
170923
170936
170949
170964
170966
170972
170987
170988
170991
171006
171016
171018
171020
171033
171050
171063
171067
171083
171097
171104
171106
171137
171139
171146
171152
171162
171187
171189
171191
171201
171232
171247
171273
171289
171315
171320
171363
171364
171375
171376
171377
171378
171391
171394
171402
171446
171459
171472
171480
171502
171565
171578
171587
171593
171594
171601
171609
171620
171626
171635
171636
171637
171677
171682
171699
171754
171765
171772
171774
171780
171783
171787
171806
171810
171816
171867
171868
171875
171880
171881
171889
171892
171897
171899
171900
171906
171919
171923
171933
171968
171970
171972
171973
171975
171977
171982
171983
171986
171993
172002
172014
172018
172035
172041
172048
172050
172055
172063
172070
172076
172077
172098
172110
172138
172140
172141
172143
172149
172178
172179
172188
172190
172195
172198
172207
172208
172210
172232
172233
172244
172249
172258
172262
172265
172267
172280
172281
172285
172295
172297
172322
172325
172327
172373
172412
172425
172456
172470
172475
172477
172484
172494
172516
172517
172522
172529
172549
172553
172560
172561
172568
172572
172573
172574
172586
172594
172613
172620
172623
172630
172632
172640
172648
172649
172652
172653
172654
172659
172669
172684
172696
172700
172705
172713
172756
172780
172808
172813
172821
172822
172835
172843
172850
172855
172858
172862
172881
172886
172904
172928
172936
172937
172944
172948
172950
172952
172953
172962
172966
173023
173026
173030
173033
173038
173040
173073
1731
173128
173146
173155
173158
173160
173162
173165
173179
173199
173211
173212
173305
173325
173326
173346
173349
173360
173370
173383
173415
173430
173434
173440
173444
173450
173454
173467
173470
173472
173474
173483
173491
173498
173518
173529
173530
173531
173532
173533
173538
173549
173555
173568
173579
173581
173600
173602
173608
173614
173643
173649
173654
173656
173659
173660
173666
173673
173681
173695
173703
173735
173752
173758
173765
173770
173785
173792
173804
173805
173812
173815
173818
173834
173837
173857
173859
173889
173893
173895
173899
173987
174003
174013
174045
174134
174204
174206
174210
174360
174382
174400
174402
174407
174425
174439
174440
174441
174443
174448
174451
174551
174572
174596
174603
174604
174606
174665
174669
174732
174753
174808
174812
174904
174941
175033
175088
175141
175146
175147
175243
175254
175255
175313
175314
175323
175365
175367
175381
175386
175389
175391
175393
175395
175409
175562
175563
175565
175567
175603
175608
175613
175671
175672
175676
175688
175721
175724
175759
175789
175816
175818
175835
175847
175866
175892
175893
175897
175911
175941
175961
175962
175964
175966
175990
176007
176009
176014
176018
176019
176023
176024
176028
176029
176030
176031
176035
176038
176048
17605
176057
176058
176062
176071
176075
176078
176095
176103
176123
176154
176202
176207
176209
176210
176219
176224
176226
176235
176236
176237
176240
176241
176253
176254
176255
176256
176257
176259
176262
176264
176266
176280
176284
176296
176301
176310
176311
176312
176316
176317
176319
176325
176328
176341
176345
176346
176347
176349
176362
176368
176370
176371
176378
176380
176383
176387
176388
176390
176392
176402
176406
176408
176414
176417
176418
176419
176425
176427
176428
176430
176451
176459
176479
176480
176482
176485
176491
176494
176545
176552
176564
176572
176575
176586
176592
176605
176608
176613
176618
176621
176623
176628
176631
176633
176636
176680
176681
176684
176687
176688
176692
176693
176709
176712
176717
176720
176732
176741
176757
176758
176766
176768
176770
176775
176780
176790
176792
176793
176794
176795
176798
176799
176801
176807
176809
176812
176815
176839
176844
176847
176858
176862
176863
176865
176870
176880
176894
176895
176917
176928
176930
176941
176942
176949
176955
176956
176957
176964
176969
176984
176985
176987
176991
176992
176997
177004
177015
177016
177022
177035
177036
177041
177046
177051
177055
177056
177076
177084
177095
177100
177103
177106
177113
177117
177121
177125
177126
177128
177129
177132
177136
177146
177149
177150
177153
177160
177261
177264
177266
177273
177278
177279
177280
177282
177284
177285
177288
177294
177310
177313
177320
177322
177361
177363
177368
177373
177389
177393
177396
177397
177398
177407
177408
177409
177411
177413
177414
177418
177424
177426
177442
177447
177455
177457
177461
177462
177464
177475
177479
177481
177483
177485
177488
177490
177508
177519
177520
177521
177528
177529
177537
177543
177544
177546
177549
177558
177564
177568
177569
177571
177572
177576
177582
177584
177588
177589
177592
177602
177603
177605
177615
177617
177618
177619
177621
177633
177634
177635
177637
177639
177641
177642
177646
177649
177657
177667
177672
177673
177678
177684
177690
177696
177699
177713
177718
177719
177723
177726
177733
177747
177762
177763
177765
177766
177769
177771
177772
177781
177784
177790
177793
177799
177802
177804
177815
177818
177821
177823
177825
177829
177831
177860
177864
177868
177877
177878
177896
177902
177904
177905
177906
177912
177915
177920
177922
177924
177928
177935
177947
177955
177958
177960
177962
177963
177969
177971
177975
177976
177981
177983
177984
177988
177989
178000
178006
178014
178019
178024
178031
178032
178033
178036
178040
178041
178042
178047
178051
178054
178055
178056
178059
178063
178066
178076
178084
178089
178091
178100
178106
178108
17811
178110
178113
178115
178116
178117
178135
178136
178139
178140
17815
178152
178160
178164
178165
178167
178177
178179
178189
178192
178194
178197
17820
178215
178217
178220
178222
178233
178236
178246
178250
178251
178253
178255
178256
178264
178267
178277
178278
178281
178287
178289
178297
178298
178311
178312
178313
178315
178317
178318
178319
178322
178323
178328
178360
178367
178374
178379
178391
178392
178412
178414
178415
178417
178418
178420
178425
178433
178435
178437
178449
178451
178452
178456
178461
178470
178485
178490
178502
178508
178513
178520
178540
178544
178552
178554
178556
178563
178571
178584
178585
178590
178593
178604
178620
178625
178626
178628
178679
178684
178687
178685
178694
178703
178707
178742
178746
178750
178758
178764
178767
178768
179059
179071
17912
179474
179509
179528
17954
179540
179542
179544
179549
179552
179560
179561
179565
179569
179575
179587
179591
179592
179600
179602
179605
179609
179612
179616
179624
179626
179634
179636
17964
179641
179643
179645
179646
179647
179652
179654
179660
179663
179666
179670
179680
179684
179685
179686
179692
179695
179702
179703
179704
179708
179711
179712
179713
179714
179715
179725
179728
179733
179736
179745
179746
179757
179768
179778
179782
179787
179794
179800
179802
179803
179806
179808
179810
179811
179816
179820
179831
179834
179839
179845
179853
179855
179856
179860
179869
179871
179873
179874
179875
179876
179886
179887
179896
179901
179902
179903
179904
179911
179917
179918
17992
179924
179928
179930
179931
179934
179941
179942
179952
179954
179960
179961
179973
179982
179984
180174
180175
180178
180183
180228
180229
180256
180262
180267
180268
180270
180271
180278
180280
180284
180287
180289
180293
180316
180333
180334
180342
180352
180357
180359
180382
180384
180400
180404
180405
180407
180408
180409
180433
180440
180444
180455
180459
180497
180575
180588
180591
180595
180613
180635
180669
180671
180674
180680
180683
180689
180690
180700
180702
180706
180708
180721
180724
180726
180728
180729
180731
180733
180739
180740
180746
180748
180749
180752
180753
180755
180760
180766
180772
180775
180779
180780
180783
180818
180840
180881
180894
180903
180931
180942
180974
180983
180994
181001
181007
181010
181013
181014
181015
181017
181019
181022
181023
181024
181030
181106
181108
181113
181114
181120
181131
181132
181134
181149
181180
181199
181205
18121
181214
181223
181238
181240
181247
181252
181258
181259
181267
181269
181271
181274
181276
181287
181298
181307
181310
181311
181318
181321
181339
181343
181344
181349
181363
181364
181370
181371
181375
181376
181377
181379
181380
181381
181383
181384
181387
181394
181395
181398
181412
181413
181417
181436
181445
181451
181452
181457
181468
181472
181477
181479
181480
181490
181491
181492
181493
181499
181504
181512
181514
181520
181521
181557
181558
181559
181560
181573
181661
181687
181721
181725
181726
181734
181737
181739
181776
181777
181785
181792
181794
181795
181797
181814
181815
181827
181828
181866
181870
181871
181879
181894
181895
181896
181898
181910
181922
181926
182001
182003
182004
182053
182081
182103
182105
182106
182107
182111
182112
182124
182126
182129
182130
182133
182145
182147
182154
182159
182160
182166
182168
182182
182184
182194
182201
182206
182209
182211
182260
182263
182268
182288
182303
182365
182366
182409
182432
182440
182442
182483
182489
182496
182497
182520
182524
182579
182593
182612
182617
182627
182630
182632
182641
182649
182677
182690
182691
182694
182695
182696
182704
182713
182728
182729
182735
182736
182740
182741
182743
182744
182761
182769
182772
182816
182818
182819
182827
182837
182844
182850
182859
182861
182864
182867
182870
182874
182877
182878
182879
182883
18289
182895
182896
182897
182905
182908
182909
182915
182923
182930
182943
182944
182983
183025
183043
183064
183066
183068
183069
183097
183113
183118
183122
183125
183138
183140
183142
183143
183144
183145
183146
183147
183151
183156
183183
183187
183188
183197
183204
183220
183228
183233
183236
183240
183244
183248
183249
183251
183254
183256
183257
183272
183280
183283
183286
183288
183289
183309
183311
183315
183322
183331
183332
183333
183335
183344
183346
183353
183354
183356
183360
183361
183362
183363
183365
183366
183368
183369
183376
183377
183381
183382
183385
183389
183391
183392
183393
183395
183400
183409
183410
183412
183414
183420
183423
183426
183428
183429
183433
183437
183440
183442
183449
183450
183452
183454
183457
183460
183466
183468
183470
183475
183477
183486
183488
183490
183491
183492
183497
183498
183513
183514
183515
183517
183518
183520
183524
183526
183527
183530
183533
183545
183546
183552
183553
183555
183559
183564
183565
183567
183569
183573
183575
183578
183579
183581
183589
183593
183598
183599
183600
183601
183605
183606
183607
183614
183621
183632
183640
183641
183643
183644
183645
183648
183649
183654
183658
183660
183662
183666
183671
183682
183691
183695
183699
183700
183706
183708
183712
183714
183715
183723
183730
183736
183740
183741
183743
183745
183765
183766
183768
183774
183778
183780
183784
183785
183789
183795
183796
183797
183800
183804
183805
183807
183811
183813
183815
183819
183820
183847
183848
183853
183858
183862
183865
183869
183872
183873
183883
183885
183891
183892
183895
183899
183901
183905
183910
183916
183918
183920
183921
183925
183926
183933
183936
183937
183938
183939
183944
183945
183955
183965
183969
183973
183975
183987
183993
183994
183995
183999
184013
184027
184031
184035
184037
184038
184039
184042
184048
184055
184065
184069
184071
184083
184084
184088
184089
184124
184125
184134
184135
184139
184141
184148
184151
184154
184156
184158
184167
184171
184176
184188
184202
184217
184218
184223
184229
184242
184243
184250
184261
184255
184266
184267
184268
184270
184273
184274
184282
184283
184287
184288
184291
184296
184300
184310
184323
184328
184331
184333
184341
184350
184352
184370
184383
184387
184395
184396
184397
184398
184399
184407
184410
184412
184417
184431
184433
184436
184437
184442
184448
184450
184451
184454
184456
184467
184468
184469
184473
184474
184480
184482
184489
184490
184491
184492
184502
184512
184514
184515
184519
184520
184523
184527
184543
184549
184550
184557
184558
184565
184575
184581
184585
184587
184589
184599
184607
184611
184615
184624
184630
184633
184634
184635
184641
184663
184664
184673
184681
184698
184703
184704
184705
184707
184726
184730
184747
184750
184757
184763
184764
184765
184768
184771
184772
184777
184781
184785
184788
184794
184798
184801
184802
184807
184815
184836
184843
184847
184851
184852
184853
184855
184858
184872
184873
184878
184895
184896
184898
184913
184920
184924
184926
184928
184935
184944
184949
184951
184952
184965
184966
184967
184972
184976
184981
184982
184988
184997
184999
185
185010
185014
185017
185018
185019
185026
185030
185038
185046
185053
185054
185056
185063
185075
185083
185086
185089
185090
185109
185117
185118
185122
185132
185135
185146
185163
185165
185170
185172
185173
185174
185194
185199
185200
185207
185214
185226
185229
185249
185250
185255
185256
185260
185263
185265
185267
185271
185288
185306
185310
185313
185316
185339
185349
185360
185373
185376
185380
185420
185422
185427
185437
18591
1860
186098
186100
186102
186103
186111
186112
186122
186126
186128
186134
186135
186136
186137
186139
186140
186144
186147
186155
186156
186157
186160
186161
186162
186167
186170
186171
186172
186177
186191
186193
186194
186198
186201
186232
186233
186238
186241
186258
186260
186264
186267
186272
186274
186293
186300
186306
186307
186330
186332
186333
186335
186336
186337
186345
186352
186361
186378
186382
186384
186385
186389
186400
186414
186420
186422
186433
186444
186449
186450
186451
186453
186494
186497
186502
186504
186507
186508
186514
186515
186518
186519
186521
186524
186526
186528
186529
186533
186536
186537
186538
186539
186540
186541
186550
186551
186553
186558
186562
186564
186565
186568
186572
186579
186586
186587
186594
186598
186600
186604
186614
186630
186633
186637
186639
186642
186643
186644
186645
186648
186655
186656
186661
186678
186680
186681
186682
186684
186687
186689
186695
186697
186702
186705
186715
186719
186721
186722
186724
186725
186728
186747
186748
186751
186752
186753
186755
186756
186765
186769
186776
186777
186783
186784
186789
186798
186817
186818
186824
186825
186830
186834
186838
186842
186845
186847
186849
186853
186865
186869
186881
186884
186890
186895
186900
186902
186904
186905
186922
186924
186925
186935
186937
186941
186950
186952
186962
186966
186989
186990
186995
186998
186999
187006
187013
187016
187026
187027
187028
187033
187038
187041
187042
187043
187048
187051
187062
187063
187069
187073
187077
187078
18708
187083
187085
187086
187089
187090
187094
187110
187113
187144
187146
187150
187151
187154
187157
187176
187178
187180
187181
187182
187183
187193
187198
187206
187208
187210
187215
187218
187219
187228
187238
187244
187245
187253
187254
187256
187265
187268
187275
187276
187279
187285
187289
187296
187297
187298
187301
187310
187323
187324
187329
187335
187337
187338
187343
187345
187347
187353
187359
187361
187363
187366
187378
187382
187398
187404
187410
187415
187421
187424
187426
187447
187449
187450
187454
187455
187456
187457
187463
187478
187487
187489
187491
187492
187493
187494
187497
187498
187499
187513
187515
187516
187518
187522
187523
187524
187528
187531
187533
187535
187548
187549
187552
187558
18756
187568
187570
187572
187576
187589
187590
187598
18760
187603
187605
187608
187619
187620
187634
187644
187652
187659
18766
187679
187682
187683
187687
187688
187701
187705
187706
18771
187732
187734
187736
187759
187761
187763
187764
187766
187768
187782
187789
187797
187798
187804
187818
187830
187852
187857
187858
187865
187870
187875
187878
187891
187895
187896
187898
187899
187900
187916
187918
187920
187924
187925
187935
187936
187937
187940
187954
187955
187959
187962
187981
187982
187988
187989
187991
187998
188001
188010
188013
188021
188025
188030
188033
188040
188044
188061
188063
188071
188072
188074
188075
188076
188086
188091
188092
188093
188095
188102
188103
188105
188107
188122
188126
188132
188133
188135
188145
188146
188147
188153
188154
188164
188167
188170
188175
188177
188178
188181
188185
188197
188200
188206
188227
188230
188232
188236
188264
188268
188270
188272
188274
188277
188282
188285
188287
188297
188308
188312
188316
188320
188330
188334
188337
188341
188346
188352
188370
188376
188378
188381
188383
188385
188386
188387
188394
188397
188400
188406
188407
188412
188413
188416
188417
188425
188430
188432
188485
188487
188489
188492
188499
188515
188522
188534
188537
188538
188540
188541
188550
188554
188560
188561
188563
188566
188572
188580
188585
188587
188590
188593
188597
188599
188600
188601
188602
188603
188605
188607
188610
188612
188617
188620
188621
188625
188662
188671
188687
188689
188693
188696
188706
188720
188721
188724
188727
188753
188763
188765
188768
188772
188773
188775
188779
188781
188782
188783
188788
188789
188791
188792
188796
188805
188807
188808
188813
188816
188819
188821
188824
188826
188829
188831
188834
188836
188839
188840
188841
188844
188851
188856
18886
188872
188876
188879
188881
1889
188900
188913
188919
188922
188924
188926
188931
188935
188936
188943
188949
188956
188967
188968
188969
188975
188978
188982
188988
188989
188992
188994
188997
189000
189001
189007
189003
189013
189018
189034
189035
189038
189040
189043
189047
189053
189060
189061
189067
189068
189077
189084
189085
189093
189094
189098
189106
189109
189111
189115
189118
189120
189132
189133
189134
189135
189142
189143
189146
189148
189155
189156
18916
189160
189163
189171
189172
189174
189177
189181
189184
189185
189186
189188
189192
189196
189208
189209
189211
189212
189221
189225
189227
18923
189231
189233
189234
189238
189241
189248
189251
189253
189259
189261
189263
189267
189278
189282
189287
189288
189291
189295
189296
189298
189299
189300
189307
189308
189309
189311
189312
189316
189317
189325
189326
189328
189337
189339
189340
189342
189352
189364
189369
189371
189377
189383
189386
189387
189388
189389
189390
189391
189392
189394
189397
189403
189404
189408
189409
189415
189423
189425
189430
189431
189432
189433
189438
189439
189446
189447
189449
189456
189459
189464
189468
189470
189475
189477
189482
189484
189485
189490
189492
189498
189502
189504
189506
189510
189512
189529
189530
189534
189537
189541
189543
189544
189545
189546
189548
189554
189556
189557
189558
189560
189561
189563
189573
189574
189575
189576
189586
189587
189591
189592
189595
189600
189607
189619
189624
189626
189639
189640
189655
189657
189658
189661
189669
189670
189673
189677
189679
189682
189684
189686
189688
189691
189695
189701
189707
189709
189710
189711
189713
189715
189717
189721
189723
189724
189725
189727
189729
189734
189736
189755
189757
189760
189775
189779
189783
189792
189793
189808
189809
189810
189812
189817
189827
189828
189836
189840
189842
189858
189860
189863
189874
189884
189893
189894
189899
189900
189909
189910
189921
189922
189923
189924
189928
189930
189936
189938
189939
189942
189944
189945
189946
189949
189950
189951
189958
189967
189978
189987
189993
189996
189999
190004
190010
190011
190014
190017
190021
190026
190031
190032
190033
190037
190038
190041
190051
190057
190058
190059
190060
190061
190074
190079
190083
190084
190089
190090
190093
190094
190099
190102
190105
190112
190118
190120
190122
190140
190143
190151
190159
190160
190167
190177
190178
190179
190180
190184
190196
190199
190201
190202
190208
190227
190232
190235
190237
190239
190244
190247
190248
190250
190254
190277
190283
190285
190286
190299
190313
190330
190332
190357
190358
190361
190362
190403
190413
190414
190421
190424
190425
190429
190430
190432
190435
190445
190446
190447
190450
190451
190454
190459
190461
190462
190464
190465
190466
190470
190471
190473
190481
190482
190488
190489
190490
190492
190494
190497
190499
190500
190501
190502
190504
190505
190506
190508
190516
190517
190518
190520
190523
190525
190529
190530
190535
190536
190539
190542
190545
190547
190548
190549
190550
190551
190552
190554
190555
190556
190557
190558
190560
190561
190562
190565
190566
190567
190572
190576
190580
190581
190582
190583
190585
190589
190592
190593
190596
190597
190602
190604
190609
190615
190619
190620
190626
190628
190631
190633
190634
190635
190636
190637
190640
190643
190647
190649
190653
190658
190662
190664
190665
190667
190669
190670
190671
190674
190676
190680
190685
190695
190697
190698
190706
190714
190715
190720
190722
190724
190734
190738
190740
190741
190745
190747
190749
190756
190761
190769
190772
190778
190783
190784
190791
190792
190793
190814
190817
190821
190822
190824
190852
190854
190857
190864
190865
190870
190873
190883
190885
190888
19089
190894
190905
190906
190907
190910
190915
190919
190931
190934
190936
190939
190940
190941
190942
190943
190945
190947
190960
190962
190969
190970
190971
190976
190978
190979
190981
190982
190983
190995
191006
19101
191024
191034
19104
191044
191047
191053
191059
191061
191066
191068
191075
191076
191077
191079
191081
191082
191090
191093
191095
191098
191099
191105
191106
191111
191112
191126
191127
191135
191151
191152
191153
191154
191157
19116
191164
191167
191169
19117
191173
191175
191184
191186
191187
191189
19119
191190
191191
191192
191193
191198
191207
191208
191212
191216
191218
19122
191220
191226
191235
191237
191251
191252
191253
191255
191256
191257
191259
191260
191261
191262
191263
191269
191287
191294
191325
191327
19133
191349
191373
191388
19139
191390
191391
19140
191408
191409
191411
191431
191433
191434
191438
191439
191451
191456
191480
191481
191482
191486
191490
191492
191495
191496
191502
191548
191625
191626
191627
191628
191629
191637
191648
191653
191654
191656
191657
191662
191665
191667
191668
191669
191673
191675
191677
191678
191679
191682
191684
191685
191693
191694
191695
191696
191726
191728
191730
191744
191780
191783
191814
191815
191820
191827
191829
191830
191834
191839
191841
191842
191843
191845
191847
191848
191856
191870
191872
191874
191875
191881
191884
191887
191892
191893
191895
191896
191902
191906
191909
191911
191915
191919
191921
191924
191926
191927
191929
191933
191934
191935
191936
191937
191939
191942
191944
191945
191952
191953
191967
191978
191979
191991
191995
191998
192001
192005
192007
192009
192012
192014
192015
192017
192020
192026
192032
192040
192042
192043
192049
192050
192056
192063
192067
192070
192071
192073
192080
192081
192083
192087
192091
192093
192095
192098
192101
192105
192110
192114
192123
192126
192128
192138
192146
192150
192151
192154
192155
192161
192164
192165
192169
192170
192173
192174
192177
192179
192191
192193
192202
192205
19222
192220
192225
192231
192235
192237
192241
192242
192250
192251
192252
192253
192255
192259
192262
192273
192274
192282
192283
192285
192297
192302
192305
192308
192310
192316
192315
192317
192319
19232
192320
192321
192323
192324
192329
192332
192333
192339
192358
192363
192365
192367
192370
192411
192412
192420
192423
192424
192429
192430
192431
192437
192443
192446
192447
192449
192451
192466
192471
192473
192476
192479
19248
192482
192494
192495
192496
192499
19251
192512
192521
192527
192528
192530
192532
192543
192546
192548
192555
192556
192557
19256
192560
192561
192565
192567
192572
192573
192575
192580
192581
192582
192583
192590
192591
192593
192594
192596
192597
192598
19260
192601
192604
192607
192608
192612
192616
192617
192619
192621
192622
192624
192625
192629
192634
192636
192643
192645
192648
192651
192654
192660
192661
192667
192673
192674
192682
192685
192687
192695
192697
192702
192703
192707
192708
19271
192712
192714
192715
192720
192725
192731
192738
192739
192751
192754
192757
192758
192761
192763
192766
192767
192768
192771
192777
192778
192780
192786
192788
192811
192813
192816
192817
192820
192824
192831
192838
192844
192857
192869
192875
192876
192877
192880
192888
192890
192915
192923
192927
192930
192932
192961
192962
192963
192965
192967
192970
192973
192974
192977
192984
192988
192997
193001
193004
193009
193011
193014
193022
193023
193029
193057
193063
193071
193072
193073
193074
193075
193076
193077
193083
193091
193092
193095
193096
193098
193102
193107
193110
193113
193116
193123
19313
193133
193136
193140
193141
193142
193143
193147
193152
193158
193161
193165
193166
193177
193179
193181
193182
193185
193186
193187
193188
193195
193196
193198
193205
193206
193207
193211
193220
193222
193223
193226
193234
193235
193244
193245
193247
193248
193250
193252
193253
193254
193259
193263
193264
193265
193266
193272
193274
193277
193278
193281
193283
193293
193296
193300
193302
193304
193308
193312
193315
193317
193319
19333
193331
193332
193333
193336
193338
193346
193355
193358
193361
193369
193376
19340
193406
19341
193411
193414
193422
193426
193427
193429
193431
193435
193440
193442
193459
193460
193467
193468
193473
193474
193475
193488
19349
193495
193503
193505
193508
19351
193517
193525
193526
193528
193533
193544
193546
193548
193550
193552
193555
193556
193557
193558
193561
193562
193569
193570
193571
193576
193578
193594
193601
193603
193613
193621
193628
193632
193638
193640
193645
19365
193660
193661
193669
193672
193679
193683
193686
193688
193694
193692
193696
19370
193706
193708
193713
193716
193719
19372
193727
193728
193735
193738
193739
19374
193740
193741
193743
193748
193749
193751
19376
193760
193767
193771
193780
193781
193782
193785
193786
193794
193796
193797
193798
193804
193805
193808
19382
193835
193837
193838
193839
193840
193844
193850
193851
193860
193862
193865
193869
193875
193878
193880
193889
193895
193896
193897
193900
193906
193908
193909
193910
193911
193912
193918
193921
193925
193926
193927
193930
193931
193932
193933
193934
193939
193942
193943
193945
193953
193956
193957
193958
193969
193974
193975
193980
193981
193983
193984
193985
193998
193999
19400
194015
194017
194032
194033
194035
194040
194044
19405
194050
194053
194060
194063
194076
194079
194080
194086
194091
194092
194097
194099
19410
194102
194103
194108
194115
194120
194122
194127
194128
194137
194148
194149
194150
194163
194169
194171
194174
194178
194185
194190
194198
194201
194202
194203
194216
194222
194223
194224
194228
194229
194259
194319
194325
194327
194329
194334
194349
194359
194404
194408
194412
194429
194431
194432
194449
194452
194489
194510
194514
194519
19456
194569
194596
194627
19463
194634
194644
194647
194654
194655
194657
194662
194664
194665
194669
194672
194678
194679
194681
194701
194704
194707
194708
194717
194718
194724
194726
194727
194728
194730
194732
194738
194739
194742
194753
194761
194763
194769
194781
194783
194785
194788
194790
194792
194795
194803
194804
194842
194844
194845
194846
194855
194858
194860
194874
194875
194876
194879
194885
194890
194891
194892
194904
194917
194920
194924
194925
194926
194927
194934
194937
194944
194947
194953
194955
194956
194960
194962
194963
194964
194970
194974
194977
194979
194985
194988
194990
194994
194998
194999
195001
195002
195003
195010
195011
195012
195013
195020
195031
195023
195033
195036
195037
195059
195065
195071
195091
195092
195093
195124
195126
195148
195149
195202
195204
195207
195209
19521
195219
19524
195255
195261
195272
195273
195286
195313
195319
195329
195356
195357
195359
195362
195363
195373
19539
195395
19541
195412
195427
195436
195447
195479
195480
195481
195586
19560
19564
195668
195671
195687
195723
19580
195836
195838
195840
195843
195858
195862
195893
195898
195900
195901
195902
195905
195912
195962
196035
196063
196072
196107
196147
196150
196217
196218
196220
196316
196353
196382
196432
196433
196434
196435
19658
196580
196582
196615
196630
196656
19666
196671
196681
196801
196819
196830
196848
19685
196852
19687
196881
196884
196889
196898
196905
196906
196907
196912
196913
196916
196930
196932
196933
196935
196941
196942
196948
196953
196972
196976
196981
196983
19699
197012
197031
197041
197062
197065
197067
197074
197075
197079
197081
197089
197117
197139
197164
197165
197166
197170
197175
197220
197221
197223
197225
197226
197230
197231
197233
197239
197241
197247
197269
197307
197310
197359
197360
197370
197376
197391
19740
197402
197430
197431
197439
19748
197480
197496
197499
197503
197511
19756
19765
197655
197670
197677
197678
197681
197687
197689
197690
197698
197715
197716
197717
197718
19773
197758
197759
197768
197770
197774
197775
197776
197777
197785
197786
197813
197814
197817
197818
197819
197837
197838
197839
197852
197859
197875
197878
197882
197883
197885
197886
197891
197893
197895
197899
197905
197909
197912
197918
197926
197928
197930
197932
197934
197935
197936
197937
197938
197939
197940
197941
197948
197953
197957
197961
197965
197966
197974
197981
197983
197984
197996
197998
198000
198007
198011
198018
198020
198023
198024
198025
198027
198028
198031
198032
198038
198039
198051
198055
198056
198057
198059
198060
198062
198064
198065
198068
198073
198079
198080
198081
198082
198089
198091
198094
198095
198109
198115
198121
198122
198128
198129
198131
198132
198133
198134
198135
198136
198139
19814
198140
198141
198145
198147
198148
198149
198150
198151
198152
198153
198156
198163
198175
198177
198185
198190
198191
198193
198194
198199
198200
198201
198210
198212
198213
198215
198222
198223
198229
198232
198235
198247
198249
198250
198251
198252
198253
198261
198264
198266
198269
198276
198279
198281
198283
198287
198288
198289
198292
198294
1983
198306
198308
198314
198317
198325
198327
198328
198336
198338
198350
198352
198353
198355
198357
198366
198372
198376
198379
198381
198386
198420
198425
198428
198440
198447
198449
198450
198453
198454
198455
198457
198469
198479
198480
198485
198489
198493
198497
198502
198504
198511
198512
198515
198517
198518
198522
198524
198523
198525
198529
198531
198543
198545
198547
198553
198554
198557
198558
198560
198564
198582
198583
198584
198591
198600
198601
198604
198606
198607
198608
198611
198615
198621
198622
198623
198624
198626
198627
198629
198630
198631
198632
198638
198640
198649
198652
198653
198654
198655
198657
198658
198672
198675
198676
198685
198686
198687
198688
198689
19869
198690
198702
198704
198705
198707
198709
198719
198720
198725
198726
198731
198735
198740
198743
198749
198751
198754
198757
198758
198760
198761
198770
198775
198776
198782
198785
198790
198794
198806
198807
198810
198811
198812
198816
198817
198819
198825
198826
198831
198840
198841
198844
198846
198849
198851
198852
198856
198857
198858
198863
198866
198868
198872
198873
198877
198886
198889
198891
198893
198895
198898
198899
198902
198904
198908
198909
198910
198915
198917
198921
198923
198924
198925
198929
198930
198932
198936
198946
198950
198951
198952
198955
198956
198958
198959
19896
198960
198964
198970
198971
198977
198978
198979
198983
198988
198990
198991
198992
198995
198998
198999
199000
199002
199006
199009
199010
199011
199012
199013
199014
199015
199016
199018
199021
199023
199027
199030
199035
199039
199040
199045
199046
199047
199051
199057
199060
199064
199065
199066
199067
199069
199071
199077
199079
199080
199081
199085
199090
199093
199101
199103
199107
199108
199111
199112
199113
199115
199121
199122
199123
199128
199129
199130
199131
199135
199137
199141
199142
199144
199146
199156
199158
199159
199163
199165
199166
199167
199168
199169
199170
199173
199174
199178
199179
199180
199183
199186
199191
199192
199195
199194
199202
199207
199215
199217
199218
199220
199224
199230
199231
199235
199236
199237
199238
199240
199241
199242
199245
199247
199248
199254
199257
199258
199259
199260
199264
199265
199268
199276
199282
199284
199285
199286
199287
199288
199291
199294
199300
199302
199307
199310
199311
199313
199334
199350
199353
199377
199381
199382
199384
199386
199387
199392
199394
199400
199401
199408
199409
199412
199413
199415
199418
199419
199437
199438
199439
199441
199448
199449
199450
199452
199459
199460
199461
199467
199470
199480
199487
199493
199498
199501
199502
199504
199509
199510
199511
199512
199514
199516
199524
199525
199529
199530
199531
199532
199537
199538
199543
199550
199551
199553
199554
199560
199562
199564
199566
199568
199569
199570
199574
199575
199576
199577
199578
199580
199594
199604
199606
199608
199614
199616
199622
199625
199627
199628
199629
199632
199635
199639
199641
199651
199652
199658
19966
199661
199662
199663
199664
199666
199667
199674
199679
199688
199689
199692
199698
199700
199701
199705
199706
199708
199713
199714
199716
199718
199719
199721
199724
199728
199739
199740
199741
199744
199745
199747
199748
19975
199750
199757
199759
19976
199760
199761
199765
199767
199768
199769
199770
199774
199775
199776
199777
199779
199780
199783
199787
199791
199792
199800
199803
199804
199806
199808
199810
199811
199812
199813
199815
199816
199818
199820
199823
199825
199829
199830
199834
199835
199842
199845
199852
199854
199855
199858
199859
199860
199861
199864
199865
199866
199867
199875
199880
199883
199889
199890
199891
199892
199893
199895
199896
199897
199900
199906
199908
199912
199915
199916
199917
199922
199925
199931
199932
199933
9182629
9177491
9167943
9163925
9163699
9155355
9140233
9139720
9114123
9103133
9159287
9157481
9146741
9138449
9123576
9041635
9039943
9013038
9009014
7167515
7161805
7139720
7140035
7138449
7135479
7106573
7049369
7046042
7045763
7013038
7010584
7005984
7004077
7003712
7000241
51100
213016
212795
212771
212765
211575
211501
211018
210268
207709
203416
201501