23222485
23204437
23204334
23199721
23199559
23197784
23193889
23189387
23188017
23115888
23206075
23204513
23202811
23199764
23197231
23186272
23178452
23176401
23172198
23158657
23146952
23136875
23209301
23207753
23205190
23202974
23202697
23199574
23199240
23191953
23191814
23189575
23187176
23187171
23183391
23178297
23165880
23155625
23155344
23155334
23149571
23136631
23051620
23050294
23205934
23204307
23203884
23202491
23201523
23200841
23200726
23200353
23198009
23197774
23194086
23193105
23192728
23191871
23190094
23190093
23189946
23189388
23188930
23188616
23187183
23184337
23183671
23180216
23179954
23178360
23177019
23176406
23176345
23173735
23173212
23172283
23171688
23165890
23165882
23163806
23163791
23156986
23155339
23146482
23146059
23138798
23138436
23137151
23120306
23116494
23116479
23051261
23049212
23029183
23206058
23204082
23203280
23202142
23200759
23200316
23199977
23199897
23194359
23194146
23192823
23192789
23192673
23191541
23190450
23190432
23189682
23188427
23187048
23186912
23186578
23184469
23180293
23179783
23178430
23175962
23166838
23161793
23155408
23152991
23148839
23146974
23144429
23139274
23115533
23114764
23112230
23206511
23204525
23202058
23201893
23199482
23198784
23198219
23195361
23194957
23194806
23193311
23192575
23189574
23189354
23189271
23185103
23183287
23182860
23179784
23178251
23176348
23173436
23172233
23169607
23169595
23168312
23165580
23164477
23163530
23163303
23161644
23153938
23152554
23149185
23149184
23140415
23139862
23137449
23112389
23054051
23052306
23045842
23003484
23002196
23205343
23203030
23198352
23194229
23192608
23192565
23189251
23188816
23187924
23186547
23186115
23185239
23185135
23185132
23178425
23177520
23177458
23171791
23165234
23165109
23163587
23162981
23155984
23139968
23052829
23051257
23216189
23204338
23201535
23198077
23192620
23192615
23190520
23190502
23188802
23188377
23177573
23177457
23176266
23173210
23172290
23169596
23169115
23166072
23164859
23164459
23159147
23153260
23152879
23146760
23142784
23139668
23137351
23115909
23112244
23110283
23109852
23158121
23202857
23202126
23199189
23193116
23191180
23190149
23189881
23189513
23188005
23184344
23184120
23183711
23183556
23173771
23170890
23167905
23167628
23163631
23152908
23150656
23136553
23121170
23108080
23101336
23053914
23004098
23193747
23193301
23193080
23192119
23165229
23146954
23139720
23137262
23137186
23054050
23053612
23053302
23021146
23197445
23189511
23186561
23183907
23178372
23176676
23171877
23168542
23165153
23156616
23153079
23152729
23148803
23142754
23138956
23121939
23120533
23009014
23189596
23182493
23167495
23155862
23001179
23020801
23020289
23013732
23001238
23000041
23158023
